KeyReleased,Key.f8,1594545981.1871028
start
MouseMove,534,866,1594545981.2670324
MouseMove,534,866,1594545981.394549
MouseMove,535,866,1594545981.397649
MouseMove,535,866,1594545981.3986452
MouseMove,535,866,1594545981.4006393
MouseMove,536,866,1594545981.4016397
MouseMove,536,866,1594545981.4026353
MouseMove,537,866,1594545981.4046304
MouseMove,537,866,1594545981.4056287
MouseMove,538,866,1594545981.4066267
MouseMove,538,866,1594545981.4076293
MouseMove,539,866,1594545981.408637
MouseMove,539,866,1594545981.4106483
MouseMove,540,866,1594545981.4136074
MouseMove,541,866,1594545981.4146035
MouseMove,541,866,1594545981.4146035
MouseMove,541,866,1594545981.4155996
MouseMove,542,866,1594545981.4165964
MouseMove,544,865,1594545981.4185932
MouseMove,545,865,1594545981.4245775
MouseMove,545,865,1594545981.4255743
MouseMove,545,865,1594545981.4265716
MouseMove,546,864,1594545981.4265716
MouseMove,547,864,1594545981.427569
MouseMove,547,863,1594545981.428565
MouseMove,548,863,1594545981.4295633
MouseMove,548,863,1594545981.4305606
MouseMove,549,862,1594545981.4315577
MouseMove,550,862,1594545981.4325557
MouseMove,550,862,1594545981.4345493
MouseMove,551,861,1594545981.435547
MouseMove,551,861,1594545981.436543
MouseMove,552,861,1594545981.437543
MouseMove,552,861,1594545981.4395373
MouseMove,552,860,1594545981.4405353
MouseMove,553,860,1594545981.4405353
MouseMove,553,860,1594545981.4425302
MouseMove,554,859,1594545981.444525
MouseMove,554,859,1594545981.4455237
MouseMove,555,858,1594545981.446521
MouseMove,555,858,1594545981.4475167
MouseMove,556,858,1594545981.448514
MouseMove,556,857,1594545981.4495108
MouseMove,557,857,1594545981.4505088
MouseMove,557,856,1594545981.4515042
MouseMove,557,856,1594545981.4515042
MouseMove,558,855,1594545981.4515042
MouseMove,558,855,1594545981.4525023
MouseMove,559,855,1594545981.4534998
MouseMove,559,854,1594545981.4544983
MouseMove,560,854,1594545981.4564934
MouseMove,560,853,1594545981.458486
MouseMove,561,852,1594545981.458486
MouseMove,561,851,1594545981.459483
MouseMove,563,850,1594545981.4604797
MouseMove,563,849,1594545981.461479
MouseMove,564,848,1594545981.4634726
MouseMove,565,847,1594545981.4644706
MouseMove,566,846,1594545981.4654655
MouseMove,566,845,1594545981.466465
MouseMove,567,844,1594545981.4674613
MouseMove,567,843,1594545981.4694571
MouseMove,568,842,1594545981.4704547
MouseMove,569,841,1594545981.4714525
MouseMove,569,840,1594545981.4714525
MouseMove,570,839,1594545981.4724498
MouseMove,570,837,1594545981.4744453
MouseMove,570,836,1594545981.4744453
MouseMove,571,835,1594545981.4764388
MouseMove,572,832,1594545981.4774358
MouseMove,573,831,1594545981.4784327
MouseMove,573,830,1594545981.4794297
MouseMove,573,828,1594545981.4814265
MouseMove,574,826,1594545981.4824219
MouseMove,574,825,1594545981.4824219
MouseMove,575,823,1594545981.4834518
MouseMove,575,822,1594545981.4854133
MouseMove,576,819,1594545981.4874094
MouseMove,576,818,1594545981.4884086
MouseMove,576,816,1594545981.4884086
MouseMove,576,815,1594545981.4894028
MouseMove,576,811,1594545981.490401
MouseMove,576,809,1594545981.4913979
MouseMove,576,808,1594545981.4933941
MouseMove,576,806,1594545981.4953876
MouseMove,576,803,1594545981.4953876
MouseMove,576,799,1594545981.4963863
MouseMove,576,796,1594545981.4983814
MouseMove,576,794,1594545981.5003738
MouseMove,576,793,1594545981.502369
MouseMove,576,792,1594545981.503367
MouseMove,576,790,1594545981.5043652
MouseMove,576,788,1594545981.5053632
MouseMove,576,786,1594545981.5063598
MouseMove,575,785,1594545981.5073578
MouseMove,575,783,1594545981.5083532
MouseMove,575,782,1594545981.5083532
MouseMove,574,780,1594545981.509351
MouseMove,574,778,1594545981.5103476
MouseMove,573,776,1594545981.5113447
MouseMove,573,775,1594545981.5133414
MouseMove,571,771,1594545981.5153363
MouseMove,570,769,1594545981.5153363
MouseMove,570,768,1594545981.5163314
MouseMove,569,766,1594545981.5173275
MouseMove,568,765,1594545981.5183249
MouseMove,567,764,1594545981.5193233
MouseMove,567,762,1594545981.5213194
MouseMove,566,760,1594545981.5223184
MouseMove,564,759,1594545981.523313
MouseMove,563,757,1594545981.524311
MouseMove,563,756,1594545981.524311
MouseMove,562,755,1594545981.5253074
MouseMove,561,754,1594545981.5263066
MouseMove,561,753,1594545981.527306
MouseMove,560,752,1594545981.5293002
MouseMove,559,751,1594545981.531293
MouseMove,557,749,1594545981.531293
MouseMove,556,748,1594545981.5322893
MouseMove,555,747,1594545981.5342848
MouseMove,554,745,1594545981.5352824
MouseMove,553,744,1594545981.5362794
MouseMove,551,744,1594545981.5372777
MouseMove,551,742,1594545981.5372777
MouseMove,550,742,1594545981.5382743
MouseMove,549,741,1594545981.5402389
MouseMove,548,740,1594545981.544257
MouseMove,547,740,1594545981.5452566
MouseMove,545,739,1594545981.5452566
MouseMove,544,738,1594545981.5462542
MouseMove,543,737,1594545981.5472496
MouseMove,543,737,1594545981.548249
MouseMove,541,736,1594545981.5492444
MouseMove,541,736,1594545981.5512397
MouseMove,540,735,1594545981.5522423
MouseMove,539,735,1594545981.553234
MouseMove,538,734,1594545981.5542321
MouseMove,537,734,1594545981.5552278
MouseMove,536,733,1594545981.5562255
MouseMove,535,733,1594545981.5572238
MouseMove,535,732,1594545981.5572238
MouseMove,533,732,1594545981.5582187
MouseMove,532,732,1594545981.5592182
MouseMove,532,731,1594545981.5611854
MouseMove,530,730,1594545981.5622091
MouseMove,529,730,1594545981.5642006
MouseMove,528,730,1594545981.565202
MouseMove,528,729,1594545981.565202
MouseMove,527,729,1594545981.5661995
MouseMove,526,729,1594545981.567197
MouseMove,526,728,1594545981.5681927
MouseMove,525,728,1594545981.5691898
MouseMove,525,728,1594545981.5701885
MouseMove,524,728,1594545981.5721838
MouseMove,523,727,1594545981.5731812
MouseMove,523,727,1594545981.5731812
MouseMove,522,727,1594545981.5741775
MouseMove,522,727,1594545981.5751743
MouseMove,522,726,1594545981.5761707
MouseMove,521,726,1594545981.5771694
MouseMove,521,726,1594545981.5781667
MouseMove,520,726,1594545981.5811589
MouseMove,520,726,1594545981.5821562
MouseMove,519,726,1594545981.5831544
MouseMove,519,726,1594545981.584151
MouseMove,518,726,1594545981.585148
MouseMove,518,726,1594545981.585148
MouseMove,517,726,1594545981.5871444
MouseMove,517,726,1594545981.5881412
MouseMove,517,726,1594545981.590137
MouseMove,516,726,1594545981.591133
MouseMove,516,726,1594545981.5931287
MouseMove,516,726,1594545981.594124
MouseMove,516,726,1594545981.5951219
MouseMove,515,726,1594545981.5971172
MouseMove,515,726,1594545981.5981138
MouseMove,515,727,1594545981.601105
MouseMove,514,727,1594545981.6031008
MouseMove,514,728,1594545981.605097
MouseMove,514,728,1594545981.6070888
MouseMove,514,729,1594545981.6090848
MouseMove,514,729,1594545981.6100829
MouseMove,514,729,1594545981.612077
MouseMove,514,730,1594545981.613074
MouseMove,514,730,1594545981.6140711
MouseMove,514,731,1594545981.6170623
MouseMove,514,732,1594545981.6170623
MouseMove,514,732,1594545981.618058
MouseMove,514,733,1594545981.6190555
MouseMove,515,733,1594545981.6200545
MouseMove,515,734,1594545981.6210518
MouseMove,515,734,1594545981.6220477
MouseMove,515,735,1594545981.6230469
MouseMove,516,735,1594545981.6240437
MouseMove,516,735,1594545981.6250405
MouseMove,517,736,1594545981.62604
MouseMove,517,736,1594545981.6270363
MouseMove,517,737,1594545981.628034
MouseMove,517,738,1594545981.6290317
MouseMove,518,738,1594545981.630027
MouseMove,518,739,1594545981.6310244
MouseMove,519,740,1594545981.6320226
MouseMove,519,740,1594545981.6330194
MouseMove,520,741,1594545981.6370087
MouseMove,521,742,1594545981.638007
MouseMove,521,743,1594545981.639004
MouseMove,522,743,1594545981.64
MouseMove,523,744,1594545981.640997
MouseMove,523,745,1594545981.6419947
MouseMove,524,746,1594545981.6429935
MouseMove,526,747,1594545981.64399
MouseMove,526,747,1594545981.6449864
MouseMove,527,748,1594545981.6469834
MouseMove,528,749,1594545981.6479793
MouseMove,529,750,1594545981.6499755
MouseMove,530,751,1594545981.650972
MouseMove,531,752,1594545981.650972
MouseMove,532,753,1594545981.650972
MouseMove,533,754,1594545981.651972
MouseMove,534,754,1594545981.6529646
MouseMove,535,755,1594545981.6539776
MouseMove,536,756,1594545981.6549625
MouseMove,537,757,1594545981.655959
MouseMove,538,759,1594545981.6569548
MouseMove,539,760,1594545981.6579535
MouseMove,542,761,1594545981.6599462
MouseMove,543,762,1594545981.6619458
MouseMove,545,763,1594545981.6619458
MouseMove,547,766,1594545981.6629415
MouseMove,549,767,1594545981.6639369
MouseMove,551,768,1594545981.6649354
MouseMove,553,769,1594545981.665933
MouseMove,554,770,1594545981.66693
MouseMove,556,771,1594545981.667927
MouseMove,557,773,1594545981.6689239
MouseMove,560,774,1594545981.6699219
MouseMove,560,774,1594545981.6709187
MouseMove,562,775,1594545981.6719162
MouseMove,564,777,1594545981.6729136
MouseMove,565,778,1594545981.6739104
MouseMove,569,781,1594545981.674909
MouseMove,571,782,1594545981.6769044
MouseMove,573,783,1594545981.6788971
MouseMove,575,784,1594545981.6788971
MouseMove,579,786,1594545981.679894
MouseMove,581,788,1594545981.6808925
MouseMove,583,789,1594545981.6818914
MouseMove,586,791,1594545981.682886
MouseMove,588,792,1594545981.68392
MouseMove,590,793,1594545981.684883
MouseMove,592,794,1594545981.6858797
MouseMove,596,796,1594545981.6868753
MouseMove,597,797,1594545981.6878738
MouseMove,600,798,1594545981.688873
MouseMove,602,800,1594545981.6908617
MouseMove,605,801,1594545981.6918619
MouseMove,609,803,1594545981.6948538
MouseMove,613,805,1594545981.6958516
MouseMove,618,806,1594545981.6968493
MouseMove,620,808,1594545981.6968493
MouseMove,623,810,1594545981.697847
MouseMove,628,812,1594545981.699841
MouseMove,630,812,1594545981.7008376
MouseMove,634,814,1594545981.7008376
MouseMove,638,815,1594545981.7018344
MouseMove,642,818,1594545981.703829
MouseMove,645,818,1594545981.7058249
MouseMove,650,821,1594545981.706822
MouseMove,651,821,1594545981.706822
MouseMove,658,823,1594545981.7088156
MouseMove,665,825,1594545981.7108133
MouseMove,669,826,1594545981.7108133
MouseMove,672,826,1594545981.711809
MouseMove,680,829,1594545981.712805
MouseMove,687,830,1594545981.7148027
MouseMove,690,831,1594545981.7167976
MouseMove,694,832,1594545981.7177951
MouseMove,698,832,1594545981.7187915
MouseMove,703,833,1594545981.7197888
MouseMove,707,835,1594545981.7207859
MouseMove,710,835,1594545981.7217817
MouseMove,714,835,1594545981.7227786
MouseMove,720,836,1594545981.7237773
MouseMove,725,836,1594545981.7237773
MouseMove,732,838,1594545981.725771
MouseMove,736,838,1594545981.7277656
MouseMove,740,838,1594545981.7277656
MouseMove,748,838,1594545981.728763
MouseMove,752,839,1594545981.7297614
MouseMove,759,839,1594545981.7317557
MouseMove,765,839,1594545981.732754
MouseMove,771,840,1594545981.73375
MouseMove,775,840,1594545981.7347486
MouseMove,777,840,1594545981.735744
MouseMove,788,840,1594545981.7367415
MouseMove,793,840,1594545981.7377422
MouseMove,798,840,1594545981.7387364
MouseMove,800,840,1594545981.739733
MouseMove,804,840,1594545981.740734
MouseMove,812,840,1594545981.7427263
MouseMove,816,840,1594545981.7447217
MouseMove,820,840,1594545981.7457192
MouseMove,823,840,1594545981.7467175
MouseMove,827,840,1594545981.747715
MouseMove,834,840,1594545981.7487125
MouseMove,839,839,1594545981.7497091
MouseMove,843,839,1594545981.7497091
MouseMove,846,839,1594545981.7517006
MouseMove,850,838,1594545981.752701
MouseMove,856,837,1594545981.7536988
MouseMove,861,836,1594545981.7546966
MouseMove,865,835,1594545981.755694
MouseMove,868,835,1594545981.755694
MouseMove,872,834,1594545981.7566907
MouseMove,880,833,1594545981.7586846
MouseMove,883,831,1594545981.7586846
MouseMove,888,830,1594545981.7596807
MouseMove,890,829,1594545981.7606792
MouseMove,901,826,1594545981.7616758
MouseMove,906,824,1594545981.763668
MouseMove,911,823,1594545981.7656682
MouseMove,913,821,1594545981.766663
MouseMove,917,821,1594545981.7676601
MouseMove,920,819,1594545981.7676601
MouseMove,925,818,1594545981.7676601
MouseMove,929,816,1594545981.7686584
MouseMove,933,814,1594545981.7696571
MouseMove,936,813,1594545981.7706544
MouseMove,938,812,1594545981.7726479
MouseMove,941,810,1594545981.7746418
MouseMove,947,807,1594545981.775638
MouseMove,952,805,1594545981.775638
MouseMove,955,804,1594545981.7766352
MouseMove,958,802,1594545981.7776332
MouseMove,961,800,1594545981.7786322
MouseMove,966,797,1594545981.7796295
MouseMove,970,796,1594545981.781623
MouseMove,977,791,1594545981.7826202
MouseMove,980,789,1594545981.7836192
MouseMove,984,787,1594545981.784617
MouseMove,985,786,1594545981.7866096
MouseMove,989,784,1594545981.7876058
MouseMove,992,781,1594545981.7876058
MouseMove,995,779,1594545981.7896006
MouseMove,1005,772,1594545981.7915974
MouseMove,1008,769,1594545981.7915974
MouseMove,1011,767,1594545981.7925937
MouseMove,1013,765,1594545981.7935908
MouseMove,1017,763,1594545981.7955828
MouseMove,1027,755,1594545981.797579
MouseMove,1030,752,1594545981.797579
MouseMove,1031,751,1594545981.798577
MouseMove,1035,748,1594545981.7995763
MouseMove,1036,747,1594545981.8005729
MouseMove,1039,744,1594545981.8045635
MouseMove,1045,739,1594545981.8065581
MouseMove,1048,735,1594545981.8065581
MouseMove,1051,732,1594545981.8075545
MouseMove,1053,730,1594545981.8095489
MouseMove,1055,727,1594545981.8095489
MouseMove,1058,725,1594545981.810545
MouseMove,1060,723,1594545981.8115444
MouseMove,1061,722,1594545981.8135371
MouseMove,1069,713,1594545981.8155334
MouseMove,1071,710,1594545981.8165302
MouseMove,1074,707,1594545981.8165302
MouseMove,1076,704,1594545981.8165302
MouseMove,1078,702,1594545981.817528
MouseMove,1081,699,1594545981.8185277
MouseMove,1083,696,1594545981.8195214
MouseMove,1084,694,1594545981.8205197
MouseMove,1087,691,1594545981.8225136
MouseMove,1089,689,1594545981.8245096
MouseMove,1091,685,1594545981.825505
MouseMove,1093,682,1594545981.825505
MouseMove,1096,678,1594545981.8274987
MouseMove,1098,676,1594545981.8274987
MouseMove,1099,673,1594545981.828496
MouseMove,1101,670,1594545981.8294961
MouseMove,1103,668,1594545981.830493
MouseMove,1104,665,1594545981.8324878
MouseMove,1106,662,1594545981.8334842
MouseMove,1107,660,1594545981.8334842
MouseMove,1108,658,1594545981.8334842
MouseMove,1109,655,1594545981.8344815
MouseMove,1111,653,1594545981.836477
MouseMove,1111,650,1594545981.8384717
MouseMove,1112,649,1594545981.8394723
MouseMove,1113,647,1594545981.8404663
MouseMove,1114,644,1594545981.8404663
MouseMove,1115,641,1594545981.8424594
MouseMove,1117,633,1594545981.8444574
MouseMove,1118,631,1594545981.845454
MouseMove,1118,628,1594545981.845454
MouseMove,1119,626,1594545981.8464508
MouseMove,1120,623,1594545981.8474479
MouseMove,1120,621,1594545981.848445
MouseMove,1120,619,1594545981.8494422
MouseMove,1121,615,1594545981.8504376
MouseMove,1121,614,1594545981.8524356
MouseMove,1122,612,1594545981.85443
MouseMove,1122,607,1594545981.8554268
MouseMove,1122,604,1594545981.8564239
MouseMove,1122,601,1594545981.8574193
MouseMove,1122,599,1594545981.8574193
MouseMove,1122,596,1594545981.860413
MouseMove,1122,589,1594545981.8614104
MouseMove,1122,586,1594545981.8624072
MouseMove,1122,583,1594545981.8634036
MouseMove,1122,581,1594545981.8644042
MouseMove,1122,578,1594545981.8644042
MouseMove,1122,575,1594545981.8644042
MouseMove,1121,573,1594545981.8664007
MouseMove,1121,571,1594545981.8683915
MouseMove,1121,569,1594545981.8693888
MouseMove,1120,566,1594545981.8703866
MouseMove,1119,563,1594545981.8713837
MouseMove,1118,561,1594545981.8723822
MouseMove,1118,558,1594545981.8733804
MouseMove,1116,556,1594545981.8733804
MouseMove,1115,550,1594545981.874374
MouseMove,1113,548,1594545981.8763678
MouseMove,1111,542,1594545981.8783638
MouseMove,1109,539,1594545981.8783638
MouseMove,1108,536,1594545981.8813577
MouseMove,1107,533,1594545981.8823555
MouseMove,1105,531,1594545981.8833513
MouseMove,1103,528,1594545981.8843493
MouseMove,1101,525,1594545981.8843493
MouseMove,1100,523,1594545981.8853471
MouseMove,1098,519,1594545981.8853471
MouseMove,1097,518,1594545981.887336
MouseMove,1092,512,1594545981.8893359
MouseMove,1090,510,1594545981.8893359
MouseMove,1087,507,1594545981.891331
MouseMove,1083,502,1594545981.8923273
MouseMove,1081,500,1594545981.893323
MouseMove,1075,494,1594545981.8953161
MouseMove,1070,490,1594545981.897314
MouseMove,1067,487,1594545981.897314
MouseMove,1065,485,1594545981.8993082
MouseMove,1056,479,1594545981.9013042
MouseMove,1052,476,1594545981.903296
MouseMove,1046,472,1594545981.9042976
MouseMove,1043,470,1594545981.9042976
MouseMove,1036,465,1594545981.9052932
MouseMove,1032,463,1594545981.907284
MouseMove,1029,460,1594545981.909283
MouseMove,1026,459,1594545981.9102788
MouseMove,1015,453,1594545981.9112766
MouseMove,1011,450,1594545981.9112766
MouseMove,1006,448,1594545981.9122734
MouseMove,1004,447,1594545981.9132712
MouseMove,1000,445,1594545981.9152656
MouseMove,993,442,1594545981.9172597
MouseMove,989,440,1594545981.918257
MouseMove,980,436,1594545981.9192555
MouseMove,974,434,1594545981.9192555
MouseMove,967,431,1594545981.9192555
MouseMove,965,430,1594545981.9202554
MouseMove,959,428,1594545981.9212515
MouseMove,954,427,1594545981.923242
MouseMove,945,423,1594545981.9252422
MouseMove,934,419,1594545981.9252422
MouseMove,927,418,1594545981.9262376
MouseMove,921,415,1594545981.927232
MouseMove,914,413,1594545981.9292297
MouseMove,908,411,1594545981.9312243
MouseMove,903,409,1594545981.932222
MouseMove,900,409,1594545981.9332187
MouseMove,894,407,1594545981.9332187
MouseMove,890,406,1594545981.9342165
MouseMove,879,404,1594545981.9342165
MouseMove,873,401,1594545981.9352138
MouseMove,867,400,1594545981.9362106
MouseMove,857,398,1594545981.9372082
MouseMove,850,396,1594545981.9392018
MouseMove,845,395,1594545981.9401987
MouseMove,835,393,1594545981.9401987
MouseMove,828,391,1594545981.9411962
MouseMove,823,390,1594545981.9421926
MouseMove,816,389,1594545981.943189
MouseMove,814,388,1594545981.9451866
MouseMove,793,385,1594545981.9461837
MouseMove,791,384,1594545981.947179
MouseMove,786,383,1594545981.9481761
MouseMove,780,382,1594545981.949177
MouseMove,769,381,1594545981.9501739
MouseMove,763,380,1594545981.9511693
MouseMove,758,379,1594545981.9531639
MouseMove,747,378,1594545981.9541616
MouseMove,740,377,1594545981.955161
MouseMove,736,377,1594545981.956157
MouseMove,725,377,1594545981.9571548
MouseMove,717,376,1594545981.9571548
MouseMove,713,376,1594545981.9591475
MouseMove,707,376,1594545981.961143
MouseMove,704,375,1594545981.962141
MouseMove,691,375,1594545981.963139
MouseMove,685,375,1594545981.9641354
MouseMove,673,375,1594545981.9641354
MouseMove,667,375,1594545981.9651318
MouseMove,663,375,1594545981.9661293
MouseMove,657,375,1594545981.9681234
MouseMove,654,375,1594545981.969121
MouseMove,642,375,1594545981.969121
MouseMove,640,375,1594545981.9711158
MouseMove,635,375,1594545981.9721148
MouseMove,628,377,1594545981.9721148
MouseMove,626,377,1594545981.9741094
MouseMove,615,378,1594545981.9741094
MouseMove,613,378,1594545981.9751058
MouseMove,609,379,1594545981.9770987
MouseMove,602,380,1594545981.9790962
MouseMove,598,381,1594545981.9790962
MouseMove,593,382,1594545981.98109
MouseMove,590,383,1594545981.982088
MouseMove,585,384,1594545981.982088
MouseMove,578,386,1594545981.982088
MouseMove,574,388,1594545981.983083
MouseMove,570,389,1594545981.9850795
MouseMove,566,390,1594545981.9860754
MouseMove,563,392,1594545981.9860754
MouseMove,556,394,1594545981.9870734
MouseMove,554,395,1594545981.9880724
MouseMove,549,397,1594545981.9890683
MouseMove,546,399,1594545981.9900658
MouseMove,544,400,1594545981.9910612
MouseMove,541,402,1594545981.9930565
MouseMove,538,403,1594545981.9950523
MouseMove,535,405,1594545981.99605
MouseMove,533,407,1594545981.9970477
MouseMove,530,409,1594545981.9970477
MouseMove,526,412,1594545981.9980435
MouseMove,524,414,1594545981.9990425
MouseMove,522,417,1594545982.0000393
MouseMove,518,421,1594545982.001034
MouseMove,516,423,1594545982.0030289
MouseMove,515,425,1594545982.005024
MouseMove,513,428,1594545982.0060232
MouseMove,512,430,1594545982.0060232
MouseMove,510,433,1594545982.0070186
MouseMove,509,436,1594545982.0090144
MouseMove,506,443,1594545982.0110104
MouseMove,506,445,1594545982.012007
MouseMove,504,449,1594545982.0130043
MouseMove,504,451,1594545982.0140018
MouseMove,504,452,1594545982.0140018
MouseMove,502,458,1594545982.0150006
MouseMove,501,465,1594545982.015996
MouseMove,501,466,1594545982.0170004
MouseMove,501,470,1594545982.0179904
MouseMove,501,474,1594545982.0189884
MouseMove,501,478,1594545982.0199866
MouseMove,501,481,1594545982.0209837
MouseMove,501,488,1594545982.0219798
MouseMove,501,493,1594545982.0229774
MouseMove,501,498,1594545982.023975
MouseMove,501,501,1594545982.0249712
MouseMove,501,505,1594545982.0259683
MouseMove,501,513,1594545982.0269659
MouseMove,502,517,1594545982.0279634
MouseMove,503,523,1594545982.0289602
MouseMove,503,525,1594545982.029957
MouseMove,504,530,1594545982.0309556
MouseMove,506,540,1594545982.0319533
MouseMove,508,546,1594545982.0329509
MouseMove,508,553,1594545982.033948
MouseMove,509,556,1594545982.0349457
MouseMove,512,562,1594545982.0359433
MouseMove,513,570,1594545982.036939
MouseMove,516,577,1594545982.037938
MouseMove,517,582,1594545982.0389376
MouseMove,520,593,1594545982.0399308
MouseMove,523,600,1594545982.0409286
MouseMove,524,606,1594545982.041927
MouseMove,527,612,1594545982.042923
MouseMove,527,614,1594545982.0439215
MouseMove,533,628,1594545982.0449185
MouseMove,536,635,1594545982.0459163
MouseMove,537,637,1594545982.0469139
MouseMove,539,642,1594545982.0479105
MouseMove,542,649,1594545982.04891
MouseMove,546,657,1594545982.0499058
MouseMove,548,664,1594545982.0509043
MouseMove,552,670,1594545982.0519054
MouseMove,556,679,1594545982.0529
MouseMove,560,686,1594545982.0538971
MouseMove,563,691,1594545982.0548918
MouseMove,567,700,1594545982.0558903
MouseMove,571,706,1594545982.0578835
MouseMove,575,713,1594545982.0598795
MouseMove,576,715,1594545982.0598795
MouseMove,584,728,1594545982.0608766
MouseMove,589,736,1594545982.0628695
MouseMove,597,748,1594545982.064864
MouseMove,602,754,1594545982.064864
MouseMove,609,764,1594545982.0658631
MouseMove,612,767,1594545982.0668628
MouseMove,620,778,1594545982.068856
MouseMove,624,783,1594545982.0708508
MouseMove,627,786,1594545982.0718474
MouseMove,632,792,1594545982.0728447
MouseMove,636,795,1594545982.0728447
MouseMove,641,800,1594545982.073841
MouseMove,645,804,1594545982.0758379
MouseMove,650,808,1594545982.076836
MouseMove,664,818,1594545982.078828
MouseMove,665,819,1594545982.0798283
MouseMove,669,822,1594545982.080823
MouseMove,678,829,1594545982.0818217
MouseMove,683,831,1594545982.0818217
MouseMove,692,835,1594545982.0828176
MouseMove,697,839,1594545982.0828176
MouseMove,702,841,1594545982.0838156
MouseMove,709,844,1594545982.0848155
MouseMove,714,845,1594545982.0858092
MouseMove,717,846,1594545982.0868068
MouseMove,726,849,1594545982.0878036
MouseMove,732,851,1594545982.0898001
MouseMove,738,852,1594545982.0917943
MouseMove,745,853,1594545982.0927901
MouseMove,746,854,1594545982.0937886
MouseMove,752,854,1594545982.094787
MouseMove,758,855,1594545982.0957866
MouseMove,767,857,1594545982.096781
MouseMove,774,857,1594545982.096781
MouseMove,789,858,1594545982.097777
MouseMove,795,858,1594545982.099771
MouseMove,802,858,1594545982.10077
MouseMove,808,858,1594545982.10077
MouseMove,810,858,1594545982.101768
MouseMove,816,858,1594545982.1027634
MouseMove,822,858,1594545982.1037617
MouseMove,831,858,1594545982.104761
MouseMove,837,858,1594545982.1057568
MouseMove,844,857,1594545982.1067533
MouseMove,853,855,1594545982.1087477
MouseMove,859,855,1594545982.1107428
MouseMove,865,853,1594545982.1117392
MouseMove,875,851,1594545982.1127398
MouseMove,882,850,1594545982.1137362
MouseMove,888,848,1594545982.1137362
MouseMove,895,845,1594545982.1147306
MouseMove,896,845,1594545982.1167285
MouseMove,902,844,1594545982.1177256
MouseMove,908,841,1594545982.1177256
MouseMove,916,839,1594545982.1187239
MouseMove,923,836,1594545982.1187239
MouseMove,933,832,1594545982.1197183
MouseMove,937,830,1594545982.120719
MouseMove,943,827,1594545982.1217124
MouseMove,945,826,1594545982.1237082
MouseMove,957,820,1594545982.1257048
MouseMove,959,819,1594545982.1266992
MouseMove,962,817,1594545982.1276972
MouseMove,969,813,1594545982.128695
MouseMove,979,806,1594545982.1296918
MouseMove,981,805,1594545982.1306887
MouseMove,986,801,1594545982.1306887
MouseMove,991,798,1594545982.1326845
MouseMove,999,792,1594545982.1336813
MouseMove,1004,788,1594545982.1336813
MouseMove,1009,784,1594545982.1336813
MouseMove,1016,778,1594545982.1346793
MouseMove,1021,774,1594545982.135677
MouseMove,1026,770,1594545982.1366742
MouseMove,1027,769,1594545982.1376705
MouseMove,1031,765,1594545982.1386688
MouseMove,1036,760,1594545982.1406634
MouseMove,1043,754,1594545982.1426594
MouseMove,1048,749,1594545982.1436563
MouseMove,1053,745,1594545982.144653
MouseMove,1054,743,1594545982.1456492
MouseMove,1058,740,1594545982.1456492
MouseMove,1062,735,1594545982.1466465
MouseMove,1069,727,1594545982.148641
MouseMove,1073,723,1594545982.148641
MouseMove,1077,718,1594545982.148641
MouseMove,1080,713,1594545982.149639
MouseMove,1082,710,1594545982.1506364
MouseMove,1086,706,1594545982.151634
MouseMove,1089,701,1594545982.1526287
MouseMove,1095,692,1594545982.1536286
MouseMove,1098,687,1594545982.1556275
MouseMove,1102,682,1594545982.1576161
MouseMove,1103,680,1594545982.158614
MouseMove,1105,676,1594545982.158614
MouseMove,1109,669,1594545982.159612
MouseMove,1110,667,1594545982.1616073
MouseMove,1115,655,1594545982.1626058
MouseMove,1118,650,1594545982.1636004
MouseMove,1120,646,1594545982.1636004
MouseMove,1122,640,1594545982.1645982
MouseMove,1124,636,1594545982.1655967
MouseMove,1124,635,1594545982.167591
MouseMove,1126,630,1594545982.1685913
MouseMove,1130,619,1594545982.1685913
MouseMove,1131,615,1594545982.1685913
MouseMove,1133,610,1594545982.1695871
MouseMove,1133,608,1594545982.1705813
MouseMove,1134,603,1594545982.172578
MouseMove,1136,596,1594545982.1745722
MouseMove,1136,591,1594545982.1755702
MouseMove,1137,586,1594545982.1755702
MouseMove,1137,583,1594545982.1765661
MouseMove,1138,579,1594545982.1775646
MouseMove,1138,575,1594545982.1815524
MouseMove,1138,555,1594545982.1825507
MouseMove,1138,552,1594545982.1835477
MouseMove,1138,550,1594545982.184544
MouseMove,1138,545,1594545982.185543
MouseMove,1138,542,1594545982.1865408
MouseMove,1137,538,1594545982.1875377
MouseMove,1136,535,1594545982.1895313
MouseMove,1135,531,1594545982.1895313
MouseMove,1134,529,1594545982.1905308
MouseMove,1133,525,1594545982.1925268
MouseMove,1129,516,1594545982.1945179
MouseMove,1127,512,1594545982.1955168
MouseMove,1125,510,1594545982.1965168
MouseMove,1120,501,1594545982.1985078
MouseMove,1118,497,1594545982.1995049
MouseMove,1115,494,1594545982.200503
MouseMove,1114,493,1594545982.2014995
MouseMove,1112,491,1594545982.2024992
MouseMove,1108,488,1594545982.2024992
MouseMove,1103,483,1594545982.2034934
MouseMove,1100,480,1594545982.2044923
MouseMove,1097,477,1594545982.2054913
MouseMove,1095,475,1594545982.2064867
MouseMove,1092,473,1594545982.2074854
MouseMove,1081,465,1594545982.210475
MouseMove,1076,462,1594545982.211475
MouseMove,1075,461,1594545982.2124696
MouseMove,1071,459,1594545982.2124696
MouseMove,1064,455,1594545982.2134666
MouseMove,1059,452,1594545982.2144673
MouseMove,1052,449,1594545982.2164614
MouseMove,1049,448,1594545982.2184563
MouseMove,1043,445,1594545982.2204492
MouseMove,1034,441,1594545982.2214465
MouseMove,1027,438,1594545982.222444
MouseMove,1025,438,1594545982.2234414
MouseMove,1020,436,1594545982.2244391
MouseMove,1013,433,1594545982.2244391
MouseMove,1004,430,1594545982.2254372
MouseMove,998,428,1594545982.2274282
MouseMove,991,425,1594545982.2294245
MouseMove,970,419,1594545982.2294245
MouseMove,961,415,1594545982.2304225
MouseMove,957,414,1594545982.2314196
MouseMove,951,412,1594545982.232418
MouseMove,941,409,1594545982.2334156
MouseMove,927,405,1594545982.2344117
MouseMove,921,404,1594545982.2354076
MouseMove,913,401,1594545982.2364066
MouseMove,905,399,1594545982.2384017
MouseMove,899,398,1594545982.2393987
MouseMove,890,396,1594545982.2403963
MouseMove,882,393,1594545982.2413936
MouseMove,867,390,1594545982.2423909
MouseMove,864,390,1594545982.2433882
MouseMove,850,386,1594545982.244386
MouseMove,839,383,1594545982.2453833
MouseMove,834,381,1594545982.2463806
MouseMove,828,381,1594545982.2473772
MouseMove,817,378,1594545982.2483752
MouseMove,802,375,1594545982.2493718
MouseMove,795,373,1594545982.250369
MouseMove,783,371,1594545982.2513657
MouseMove,780,371,1594545982.2523627
MouseMove,768,368,1594545982.253362
MouseMove,761,367,1594545982.254359
MouseMove,746,364,1594545982.2553556
MouseMove,744,363,1594545982.2563543
MouseMove,731,361,1594545982.2573516
MouseMove,720,359,1594545982.2573516
MouseMove,713,358,1594545982.2583477
MouseMove,709,356,1594545982.2593443
MouseMove,697,355,1594545982.2603426
MouseMove,690,354,1594545982.2613404
MouseMove,682,352,1594545982.2623384
MouseMove,668,350,1594545982.2633338
MouseMove,661,349,1594545982.2643318
MouseMove,658,349,1594545982.265329
MouseMove,646,347,1594545982.2663264
MouseMove,638,346,1594545982.2673244
MouseMove,635,346,1594545982.2683218
MouseMove,623,344,1594545982.2693176
MouseMove,614,343,1594545982.2703154
MouseMove,608,342,1594545982.2713141
MouseMove,599,342,1594545982.2723103
MouseMove,592,342,1594545982.2753026
MouseMove,589,342,1594545982.2763002
MouseMove,578,341,1594545982.2772973
MouseMove,566,341,1594545982.2782943
MouseMove,560,341,1594545982.279292
MouseMove,557,341,1594545982.280289
MouseMove,552,341,1594545982.281286
MouseMove,547,341,1594545982.281286
MouseMove,537,341,1594545982.2822833
MouseMove,535,341,1594545982.2842782
MouseMove,530,341,1594545982.2862725
MouseMove,518,341,1594545982.2862725
MouseMove,514,341,1594545982.287269
MouseMove,510,341,1594545982.2882683
MouseMove,505,341,1594545982.2902603
MouseMove,498,341,1594545982.2922573
MouseMove,497,341,1594545982.2922573
MouseMove,493,342,1594545982.293254
MouseMove,491,342,1594545982.2952478
MouseMove,486,343,1594545982.2972438
MouseMove,484,343,1594545982.2982411
MouseMove,481,344,1594545982.2992382
MouseMove,478,345,1594545982.3002362
MouseMove,476,346,1594545982.3002362
MouseMove,474,347,1594545982.3022327
MouseMove,473,348,1594545982.3042243
MouseMove,472,349,1594545982.3042243
MouseMove,471,350,1594545982.3062203
MouseMove,470,351,1594545982.3082159
MouseMove,470,352,1594545982.3092132
MouseMove,470,354,1594545982.3102093
MouseMove,470,356,1594545982.3102093
MouseMove,470,357,1594545982.3112085
MouseMove,470,358,1594545982.3132
MouseMove,470,359,1594545982.3151953
MouseMove,470,359,1594545982.316193
MouseMove,471,361,1594545982.316193
MouseMove,472,363,1594545982.3171902
MouseMove,473,364,1594545982.3191864
MouseMove,474,365,1594545982.3201838
MouseMove,477,368,1594545982.321179
MouseMove,478,370,1594545982.3231742
MouseMove,480,371,1594545982.3251693
MouseMove,484,374,1594545982.3251693
MouseMove,485,375,1594545982.327165
MouseMove,488,377,1594545982.3291583
MouseMove,491,379,1594545982.330157
MouseMove,496,382,1594545982.3311539
MouseMove,498,384,1594545982.3321495
MouseMove,507,389,1594545982.3321495
MouseMove,511,392,1594545982.334144
MouseMove,517,395,1594545982.335142
MouseMove,522,397,1594545982.3381333
MouseMove,528,401,1594545982.3381333
MouseMove,532,403,1594545982.3391328
MouseMove,540,406,1594545982.341127
MouseMove,552,411,1594545982.3421228
MouseMove,557,414,1594545982.3441188
MouseMove,566,418,1594545982.3451161
MouseMove,571,420,1594545982.346112
MouseMove,581,422,1594545982.3481078
MouseMove,591,427,1594545982.3491054
MouseMove,602,431,1594545982.3511002
MouseMove,608,433,1594545982.3530934
MouseMove,614,434,1594545982.3530934
MouseMove,629,440,1594545982.3540924
MouseMove,636,442,1594545982.35509
MouseMove,645,445,1594545982.357085
MouseMove,658,449,1594545982.3580828
MouseMove,665,450,1594545982.3590784
MouseMove,680,454,1594545982.3610735
MouseMove,687,456,1594545982.3640656
MouseMove,689,456,1594545982.3650625
MouseMove,703,460,1594545982.3660595
MouseMove,711,462,1594545982.3660595
MouseMove,724,465,1594545982.3670576
MouseMove,732,466,1594545982.3690526
MouseMove,734,466,1594545982.3710477
MouseMove,747,469,1594545982.3710477
MouseMove,764,473,1594545982.3730416
MouseMove,770,474,1594545982.3750358
MouseMove,785,477,1594545982.3760333
MouseMove,791,479,1594545982.3780272
MouseMove,809,482,1594545982.3790247
MouseMove,815,483,1594545982.3810203
MouseMove,832,487,1594545982.3820167
MouseMove,840,489,1594545982.384011
MouseMove,855,492,1594545982.3850088
MouseMove,864,494,1594545982.3870032
MouseMove,879,498,1594545982.388999
MouseMove,885,500,1594545982.388999
MouseMove,901,504,1594545982.390995
MouseMove,907,506,1594545982.3929877
MouseMove,917,509,1594545982.3929877
MouseMove,924,511,1594545982.3949823
MouseMove,927,512,1594545982.3969767
MouseMove,938,516,1594545982.3979735
MouseMove,948,520,1594545982.3999681
MouseMove,960,525,1594545982.3999681
MouseMove,964,526,1594545982.4019663
MouseMove,969,528,1594545982.4029627
MouseMove,978,532,1594545982.4049556
MouseMove,983,535,1594545982.4069512
MouseMove,993,540,1594545982.4079485
MouseMove,998,543,1594545982.4089446
MouseMove,1003,545,1594545982.4109368
MouseMove,1011,551,1594545982.4139316
MouseMove,1014,553,1594545982.4139316
MouseMove,1020,558,1594545982.4149284
MouseMove,1023,559,1594545982.4159274
MouseMove,1026,561,1594545982.4169228
MouseMove,1030,564,1594545982.418918
MouseMove,1031,566,1594545982.419916
MouseMove,1036,571,1594545982.421911
MouseMove,1037,572,1594545982.4239047
MouseMove,1038,573,1594545982.4254384
MouseMove,1040,576,1594545982.4264128
MouseMove,1043,580,1594545982.4264128
MouseMove,1045,581,1594545982.4274096
MouseMove,1047,584,1594545982.4294045
MouseMove,1048,588,1594545982.4323974
MouseMove,1051,594,1594545982.4343903
MouseMove,1053,601,1594545982.4363852
MouseMove,1054,605,1594545982.4373827
MouseMove,1055,607,1594545982.4393833
MouseMove,1055,611,1594545982.4403777
MouseMove,1055,614,1594545982.4423685
MouseMove,1056,618,1594545982.4443638
MouseMove,1056,619,1594545982.4453642
MouseMove,1056,623,1594545982.4463618
MouseMove,1056,625,1594545982.4483535
MouseMove,1056,629,1594545982.4493508
MouseMove,1056,631,1594545982.4513462
MouseMove,1055,635,1594545982.4523444
MouseMove,1054,639,1594545982.4543376
MouseMove,1052,642,1594545982.455335
MouseMove,1051,644,1594545982.4573293
MouseMove,1049,648,1594545982.4593263
MouseMove,1048,649,1594545982.4613185
MouseMove,1047,651,1594545982.4613185
MouseMove,1046,653,1594545982.4623158
MouseMove,1044,655,1594545982.4643097
MouseMove,1041,659,1594545982.4653082
MouseMove,1040,660,1594545982.4663053
MouseMove,1037,663,1594545982.4693005
MouseMove,1035,665,1594545982.4693005
MouseMove,1033,667,1594545982.4702947
MouseMove,1032,668,1594545982.4712915
MouseMove,1031,669,1594545982.472289
MouseMove,1029,671,1594545982.4752827
MouseMove,1025,673,1594545982.4762795
MouseMove,1022,676,1594545982.4772758
MouseMove,1020,677,1594545982.4792724
MouseMove,1017,679,1594545982.4802682
MouseMove,1015,680,1594545982.482263
MouseMove,1013,681,1594545982.4842577
MouseMove,1007,685,1594545982.4842577
MouseMove,1004,686,1594545982.4872499
MouseMove,999,689,1594545982.4872499
MouseMove,998,689,1594545982.4882467
MouseMove,996,690,1594545982.4902406
MouseMove,994,692,1594545982.4922369
MouseMove,989,694,1594545982.4922369
MouseMove,986,696,1594545982.494233
MouseMove,983,697,1594545982.496227
MouseMove,978,699,1594545982.496227
MouseMove,975,701,1594545982.4982193
MouseMove,967,705,1594545982.4992168
MouseMove,964,706,1594545982.5002148
MouseMove,962,708,1594545982.5022123
MouseMove,958,709,1594545982.5042043
MouseMove,954,711,1594545982.5042043
MouseMove,952,713,1594545982.5061996
MouseMove,947,716,1594545982.508194
MouseMove,941,718,1594545982.5091925
MouseMove,936,720,1594545982.5111861
MouseMove,930,723,1594545982.5111861
MouseMove,926,725,1594545982.51318
MouseMove,925,726,1594545982.5141773
MouseMove,919,728,1594545982.5151753
MouseMove,914,729,1594545982.517172
MouseMove,913,730,1594545982.5191636
MouseMove,911,730,1594545982.5201616
MouseMove,903,733,1594545982.5201616
MouseMove,899,735,1594545982.5221548
MouseMove,896,736,1594545982.5241516
MouseMove,892,737,1594545982.5241516
MouseMove,889,739,1594545982.5261486
MouseMove,885,739,1594545982.5281408
MouseMove,882,741,1594545982.5291374
MouseMove,877,742,1594545982.5311327
MouseMove,866,745,1594545982.5311327
MouseMove,862,746,1594545982.5331278
MouseMove,860,746,1594545982.5351217
MouseMove,859,746,1594545982.5361204
MouseMove,857,747,1594545982.5371177
MouseMove,846,749,1594545982.5371177
MouseMove,844,750,1594545982.5381136
MouseMove,840,751,1594545982.53911
MouseMove,838,751,1594545982.5401075
MouseMove,836,751,1594545982.542103
MouseMove,833,752,1594545982.5440986
MouseMove,831,752,1594545982.5450954
MouseMove,828,753,1594545982.5460916
MouseMove,826,753,1594545982.5470903
MouseMove,823,753,1594545982.5480874
MouseMove,821,753,1594545982.5490847
MouseMove,816,754,1594545982.5490847
MouseMove,814,754,1594545982.5510783
MouseMove,811,754,1594545982.5520768
MouseMove,809,755,1594545982.5530756
MouseMove,806,755,1594545982.5530756
MouseMove,804,755,1594545982.554072
MouseMove,802,755,1594545982.554072
MouseMove,799,755,1594545982.5560663
MouseMove,797,755,1594545982.5580614
MouseMove,795,755,1594545982.5590584
MouseMove,793,755,1594545982.560056
MouseMove,790,755,1594545982.561053
MouseMove,788,755,1594545982.5620496
MouseMove,785,755,1594545982.5630462
MouseMove,783,755,1594545982.5640447
MouseMove,781,755,1594545982.5650456
MouseMove,778,755,1594545982.5660386
MouseMove,776,755,1594545982.567037
MouseMove,773,755,1594545982.568033
MouseMove,772,755,1594545982.568033
MouseMove,768,755,1594545982.5690315
MouseMove,766,755,1594545982.5700276
MouseMove,764,754,1594545982.5710258
MouseMove,762,754,1594545982.5720224
MouseMove,758,753,1594545982.57302
MouseMove,756,753,1594545982.574019
MouseMove,755,753,1594545982.576015
MouseMove,752,752,1594545982.5780063
MouseMove,750,751,1594545982.5780063
MouseMove,749,751,1594545982.580003
MouseMove,747,751,1594545982.5809987
MouseMove,745,750,1594545982.5819974
MouseMove,743,750,1594545982.582994
MouseMove,742,749,1594545982.5839922
MouseMove,740,748,1594545982.5839922
MouseMove,737,747,1594545982.5849879
MouseMove,735,747,1594545982.5869825
MouseMove,733,745,1594545982.5879805
MouseMove,730,744,1594545982.5899892
MouseMove,728,743,1594545982.591978
MouseMove,725,742,1594545982.5929766
MouseMove,722,740,1594545982.5939648
MouseMove,721,739,1594545982.5959587
MouseMove,719,738,1594545982.596956
MouseMove,716,737,1594545982.5989604
MouseMove,715,736,1594545982.6009467
MouseMove,713,735,1594545982.6019433
MouseMove,713,735,1594545982.6019433
MouseMove,711,734,1594545982.6029418
MouseMove,708,732,1594545982.603939
MouseMove,707,731,1594545982.6059337
MouseMove,705,730,1594545982.606931
MouseMove,701,727,1594545982.608924
MouseMove,699,726,1594545982.6099215
MouseMove,696,724,1594545982.6119156
MouseMove,695,723,1594545982.6139104
MouseMove,694,722,1594545982.6149077
MouseMove,692,721,1594545982.6159065
MouseMove,691,720,1594545982.616903
MouseMove,689,718,1594545982.6178992
MouseMove,686,717,1594545982.6178992
MouseMove,685,716,1594545982.6178992
MouseMove,684,715,1594545982.619895
MouseMove,682,714,1594545982.6218917
MouseMove,681,712,1594545982.6228867
MouseMove,678,711,1594545982.6238844
MouseMove,677,710,1594545982.6258798
MouseMove,676,709,1594545982.6258798
MouseMove,672,706,1594545982.6268764
MouseMove,669,705,1594545982.6278756
MouseMove,668,704,1594545982.628872
MouseMove,667,703,1594545982.630864
MouseMove,665,701,1594545982.6328597
MouseMove,664,700,1594545982.633857
MouseMove,661,698,1594545982.6348543
MouseMove,659,696,1594545982.6358523
MouseMove,658,695,1594545982.6368496
MouseMove,656,694,1594545982.6378462
MouseMove,654,693,1594545982.6378462
MouseMove,651,690,1594545982.638846
MouseMove,649,688,1594545982.6398418
MouseMove,647,686,1594545982.6418376
MouseMove,645,685,1594545982.6428351
MouseMove,644,684,1594545982.643831
MouseMove,642,682,1594545982.643831
MouseMove,640,681,1594545982.6448312
MouseMove,639,680,1594545982.6458273
MouseMove,636,677,1594545982.646824
MouseMove,635,676,1594545982.6478198
MouseMove,633,674,1594545982.6498137
MouseMove,632,673,1594545982.65181
MouseMove,630,671,1594545982.65181
MouseMove,629,670,1594545982.652808
MouseMove,627,668,1594545982.6538043
MouseMove,626,667,1594545982.654805
MouseMove,623,664,1594545982.6567974
MouseMove,622,663,1594545982.658793
MouseMove,621,661,1594545982.6597884
MouseMove,620,660,1594545982.660786
MouseMove,618,658,1594545982.6617832
MouseMove,617,657,1594545982.6617832
MouseMove,615,654,1594545982.6627805
MouseMove,614,653,1594545982.6637783
MouseMove,613,651,1594545982.6647742
MouseMove,613,649,1594545982.6667697
MouseMove,611,648,1594545982.6677675
MouseMove,610,646,1594545982.6677675
MouseMove,609,643,1594545982.6697633
MouseMove,608,642,1594545982.6717558
MouseMove,607,640,1594545982.6727555
MouseMove,607,638,1594545982.673753
MouseMove,605,635,1594545982.6747491
MouseMove,605,633,1594545982.6747491
MouseMove,604,632,1594545982.6757455
MouseMove,604,630,1594545982.6767435
MouseMove,603,629,1594545982.677741
MouseMove,603,627,1594545982.6787384
MouseMove,603,625,1594545982.6797361
MouseMove,603,624,1594545982.6807358
MouseMove,603,623,1594545982.6817303
MouseMove,602,620,1594545982.682727
MouseMove,601,619,1594545982.6837249
MouseMove,601,617,1594545982.6847215
MouseMove,601,614,1594545982.6857195
MouseMove,601,613,1594545982.6867173
MouseMove,601,612,1594545982.6877139
MouseMove,601,611,1594545982.6897082
MouseMove,601,609,1594545982.6907072
MouseMove,601,608,1594545982.6907072
MouseMove,601,607,1594545982.6927013
MouseMove,601,605,1594545982.6946945
MouseMove,601,605,1594545982.6956923
MouseMove,601,604,1594545982.6966891
MouseMove,601,602,1594545982.697688
MouseMove,601,601,1594545982.698684
MouseMove,601,600,1594545982.698684
MouseMove,601,599,1594545982.699682
MouseMove,601,596,1594545982.7006783
MouseMove,601,595,1594545982.7016754
MouseMove,602,594,1594545982.7026737
MouseMove,602,593,1594545982.704668
MouseMove,602,592,1594545982.7066627
MouseMove,602,591,1594545982.7076595
MouseMove,603,590,1594545982.7086582
MouseMove,603,589,1594545982.7096553
MouseMove,603,588,1594545982.7096553
MouseMove,604,587,1594545982.7116475
MouseMove,604,586,1594545982.7136445
MouseMove,604,586,1594545982.7146428
MouseMove,605,585,1594545982.7156394
MouseMove,605,584,1594545982.7166367
MouseMove,605,584,1594545982.7166367
MouseMove,606,583,1594545982.7176337
MouseMove,606,583,1594545982.7196307
MouseMove,607,581,1594545982.7216232
MouseMove,608,581,1594545982.72262
MouseMove,608,581,1594545982.72262
MouseMove,609,580,1594545982.7246165
MouseMove,610,580,1594545982.7266097
MouseMove,610,580,1594545982.727607
MouseMove,611,579,1594545982.727607
MouseMove,611,579,1594545982.728605
MouseMove,612,579,1594545982.7296016
MouseMove,612,579,1594545982.730599
MouseMove,613,578,1594545982.7315962
MouseMove,614,578,1594545982.7325943
MouseMove,615,578,1594545982.7335913
MouseMove,617,578,1594545982.7345898
MouseMove,618,578,1594545982.735585
MouseMove,619,578,1594545982.7365837
MouseMove,621,578,1594545982.7395766
MouseMove,622,578,1594545982.7395766
MouseMove,623,578,1594545982.7405736
MouseMove,627,578,1594545982.742566
MouseMove,628,578,1594545982.7445624
MouseMove,629,578,1594545982.7455592
MouseMove,631,578,1594545982.7465572
MouseMove,634,578,1594545982.747554
MouseMove,635,578,1594545982.747554
MouseMove,637,578,1594545982.7485514
MouseMove,639,578,1594545982.7495496
MouseMove,641,578,1594545982.7505455
MouseMove,644,579,1594545982.7515445
MouseMove,647,580,1594545982.7525394
MouseMove,650,581,1594545982.7535388
MouseMove,652,582,1594545982.754535
MouseMove,655,582,1594545982.7555318
MouseMove,658,583,1594545982.7565298
MouseMove,661,584,1594545982.7575266
MouseMove,665,586,1594545982.7595227
MouseMove,671,588,1594545982.7615166
MouseMove,678,590,1594545982.7625144
MouseMove,683,592,1594545982.7625144
MouseMove,686,593,1594545982.7625144
MouseMove,689,594,1594545982.7635117
MouseMove,694,596,1594545982.7645102
MouseMove,699,598,1594545982.766502
MouseMove,704,600,1594545982.7684994
MouseMove,709,602,1594545982.7694962
MouseMove,711,603,1594545982.7704933
MouseMove,716,605,1594545982.7714908
MouseMove,723,607,1594545982.772487
MouseMove,724,608,1594545982.772487
MouseMove,729,610,1594545982.7744825
MouseMove,739,615,1594545982.7744825
MouseMove,745,617,1594545982.7754784
MouseMove,749,620,1594545982.776477
MouseMove,755,623,1594545982.7774746
MouseMove,761,626,1594545982.778471
MouseMove,762,627,1594545982.7794673
MouseMove,767,629,1594545982.7804654
MouseMove,777,634,1594545982.7824616
MouseMove,784,638,1594545982.7834578
MouseMove,788,640,1594545982.784456
MouseMove,799,646,1594545982.7854524
MouseMove,805,649,1594545982.7864492
MouseMove,809,650,1594545982.7874482
MouseMove,815,654,1594545982.7874482
MouseMove,818,655,1594545982.7884445
MouseMove,830,662,1594545982.7894428
MouseMove,837,666,1594545982.7914376
MouseMove,851,674,1594545982.793432
MouseMove,858,677,1594545982.7944293
MouseMove,861,678,1594545982.7944293
MouseMove,874,685,1594545982.795427
MouseMove,881,688,1594545982.7974281
MouseMove,883,689,1594545982.799415
MouseMove,896,696,1594545982.8004122
MouseMove,910,703,1594545982.801409
MouseMove,916,707,1594545982.801409
MouseMove,919,707,1594545982.8024065
MouseMove,926,711,1594545982.8034034
MouseMove,929,712,1594545982.8044026
MouseMove,942,718,1594545982.8053982
MouseMove,949,721,1594545982.807396
MouseMove,958,725,1594545982.8093894
MouseMove,971,730,1594545982.8093894
MouseMove,977,732,1594545982.8103874
MouseMove,979,733,1594545982.8113835
MouseMove,984,736,1594545982.8123794
MouseMove,990,737,1594545982.8133771
MouseMove,1004,742,1594545982.8143744
MouseMove,1011,745,1594545982.8153715
MouseMove,1015,747,1594545982.816369
MouseMove,1021,748,1594545982.8183644
MouseMove,1025,750,1594545982.82036
MouseMove,1044,755,1594545982.82036
MouseMove,1047,756,1594545982.8213563
MouseMove,1053,758,1594545982.8223538
MouseMove,1058,759,1594545982.8233507
MouseMove,1069,763,1594545982.824348
MouseMove,1075,763,1594545982.8263452
MouseMove,1080,765,1594545982.8283386
MouseMove,1086,766,1594545982.8293362
MouseMove,1101,770,1594545982.8303337
MouseMove,1103,771,1594545982.831331
MouseMove,1108,771,1594545982.831331
MouseMove,1114,773,1594545982.8323276
MouseMove,1124,775,1594545982.8343241
MouseMove,1129,775,1594545982.836316
MouseMove,1135,776,1594545982.8373141
MouseMove,1144,778,1594545982.838311
MouseMove,1148,778,1594545982.838311
MouseMove,1154,779,1594545982.839308
MouseMove,1158,780,1594545982.8413017
MouseMove,1167,781,1594545982.8423
MouseMove,1173,782,1594545982.8432972
MouseMove,1177,783,1594545982.8442953
MouseMove,1189,784,1594545982.8462877
MouseMove,1198,785,1594545982.8482842
MouseMove,1203,785,1594545982.8492813
MouseMove,1208,786,1594545982.851276
MouseMove,1217,787,1594545982.851276
MouseMove,1218,787,1594545982.852274
MouseMove,1231,788,1594545982.8602512
MouseMove,1255,788,1594545982.8612497
MouseMove,1266,788,1594545982.8662353
MouseMove,1279,788,1594545982.8672333
MouseMove,1284,788,1594545982.8692274
MouseMove,1291,788,1594545982.8712227
MouseMove,1293,788,1594545982.8722186
MouseMove,1294,788,1594545982.8742151
MouseMove,1301,788,1594545982.8742151
MouseMove,1307,788,1594545982.8762097
MouseMove,1312,787,1594545982.8772078
MouseMove,1316,786,1594545982.8792036
MouseMove,1323,786,1594545982.8802009
MouseMove,1326,785,1594545982.8821952
MouseMove,1328,785,1594545982.8841891
MouseMove,1333,784,1594545982.8841891
MouseMove,1336,783,1594545982.8851871
MouseMove,1338,783,1594545982.8881783
MouseMove,1343,781,1594545982.8891723
MouseMove,1348,780,1594545982.8911686
MouseMove,1353,778,1594545982.8931644
MouseMove,1358,777,1594545982.8931644
MouseMove,1362,775,1594545982.8951595
MouseMove,1366,774,1594545982.8981502
MouseMove,1369,772,1594545982.9001467
MouseMove,1373,771,1594545982.9001467
MouseMove,1376,769,1594545982.9021404
MouseMove,1378,768,1594545982.904136
MouseMove,1383,766,1594545982.904136
MouseMove,1384,765,1594545982.9071279
MouseMove,1387,763,1594545982.9071279
MouseMove,1390,761,1594545982.91012
MouseMove,1394,758,1594545982.911116
MouseMove,1395,757,1594545982.9131124
MouseMove,1396,756,1594545982.9151053
MouseMove,1398,755,1594545982.9151053
MouseMove,1400,753,1594545982.9161026
MouseMove,1401,751,1594545982.9170997
MouseMove,1402,750,1594545982.9190965
MouseMove,1404,749,1594545982.9210904
MouseMove,1406,745,1594545982.9210904
MouseMove,1407,745,1594545982.923084
MouseMove,1409,742,1594545982.9240823
MouseMove,1410,740,1594545982.926075
MouseMove,1413,735,1594545982.9270735
MouseMove,1413,734,1594545982.9290676
MouseMove,1414,733,1594545982.9310625
MouseMove,1415,730,1594545982.9310625
MouseMove,1416,728,1594545982.9320605
MouseMove,1417,726,1594545982.933057
MouseMove,1417,726,1594545982.9340549
MouseMove,1417,724,1594545982.936048
MouseMove,1417,722,1594545982.9380448
MouseMove,1418,719,1594545982.9380448
MouseMove,1418,718,1594545982.9400387
MouseMove,1419,716,1594545982.9420347
MouseMove,1419,714,1594545982.9420347
MouseMove,1419,711,1594545982.9430323
MouseMove,1420,709,1594545982.9450264
MouseMove,1420,706,1594545982.9470198
MouseMove,1420,704,1594545982.9480305
MouseMove,1420,703,1594545982.9480305
MouseMove,1421,699,1594545982.950013
MouseMove,1421,697,1594545982.9520078
MouseMove,1421,696,1594545982.9520078
MouseMove,1421,692,1594545982.953004
MouseMove,1421,690,1594545982.9559977
MouseMove,1421,688,1594545982.9559977
MouseMove,1421,682,1594545982.9569972
MouseMove,1421,681,1594545982.957992
MouseMove,1421,677,1594545982.9599855
MouseMove,1421,674,1594545982.961967
MouseMove,1421,673,1594545982.9629784
MouseMove,1421,669,1594545982.9649777
MouseMove,1421,667,1594545982.9669683
MouseMove,1420,665,1594545982.9679637
MouseMove,1420,661,1594545982.9689617
MouseMove,1420,659,1594545982.970957
MouseMove,1419,657,1594545982.9719546
MouseMove,1417,651,1594545982.9719546
MouseMove,1417,649,1594545982.9729524
MouseMove,1416,648,1594545982.9749453
MouseMove,1414,643,1594545982.9769394
MouseMove,1414,642,1594545982.9779375
MouseMove,1412,639,1594545982.9799328
MouseMove,1412,637,1594545982.9819283
MouseMove,1411,635,1594545982.9829257
MouseMove,1410,634,1594545982.9839225
MouseMove,1408,632,1594545982.9849205
MouseMove,1406,628,1594545982.9849205
MouseMove,1405,626,1594545982.985916
MouseMove,1404,625,1594545982.9879107
MouseMove,1403,623,1594545982.9899065
MouseMove,1402,622,1594545982.9899065
MouseMove,1401,621,1594545982.9909034
MouseMove,1396,615,1594545982.992898
MouseMove,1395,614,1594545982.9948933
MouseMove,1392,610,1594545982.9958913
MouseMove,1390,608,1594545982.996888
MouseMove,1389,607,1594545982.9978893
MouseMove,1387,605,1594545982.9998782
MouseMove,1385,603,1594545983.0008764
MouseMove,1381,600,1594545983.002871
MouseMove,1380,599,1594545983.0048656
MouseMove,1378,597,1594545983.0048656
MouseMove,1375,594,1594545983.0068603
MouseMove,1373,593,1594545983.0088553
MouseMove,1372,592,1594545983.0088553
MouseMove,1368,589,1594545983.0108497
MouseMove,1366,588,1594545983.0128453
MouseMove,1362,585,1594545983.0128453
MouseMove,1359,584,1594545983.0148387
MouseMove,1354,581,1594545983.0158367
MouseMove,1350,578,1594545983.0178306
MouseMove,1348,578,1594545983.0188284
MouseMove,1343,575,1594545983.019826
MouseMove,1341,574,1594545983.0228193
MouseMove,1338,573,1594545983.0228193
MouseMove,1337,573,1594545983.0248113
MouseMove,1332,571,1594545983.0268068
MouseMove,1329,569,1594545983.0268068
MouseMove,1323,567,1594545983.0288
MouseMove,1316,565,1594545983.0307992
MouseMove,1312,564,1594545983.0337896
MouseMove,1310,564,1594545983.0337896
MouseMove,1303,562,1594545983.035781
MouseMove,1297,561,1594545983.0377777
MouseMove,1294,560,1594545983.0397737
MouseMove,1292,560,1594545983.0397737
MouseMove,1284,559,1594545983.041767
MouseMove,1281,558,1594545983.0427654
MouseMove,1274,557,1594545983.0447602
MouseMove,1273,557,1594545983.0457563
MouseMove,1266,557,1594545983.0477498
MouseMove,1262,557,1594545983.0497463
MouseMove,1258,557,1594545983.0497463
MouseMove,1255,557,1594545983.0507433
MouseMove,1246,557,1594545983.0527375
MouseMove,1243,557,1594545983.0547323
MouseMove,1233,557,1594545983.0557294
MouseMove,1227,557,1594545983.057725
MouseMove,1226,557,1594545983.0597193
MouseMove,1218,557,1594545983.0617163
MouseMove,1212,557,1594545983.0617163
MouseMove,1208,557,1594545983.0627108
MouseMove,1204,557,1594545983.0637093
MouseMove,1201,557,1594545983.0647066
MouseMove,1196,557,1594545983.0657027
MouseMove,1193,557,1594545983.0667005
MouseMove,1183,558,1594545983.068696
MouseMove,1179,559,1594545983.0706904
MouseMove,1175,559,1594545983.0706904
MouseMove,1170,559,1594545983.0716882
MouseMove,1166,560,1594545983.074679
MouseMove,1162,561,1594545983.074679
MouseMove,1154,561,1594545983.0766752
MouseMove,1149,562,1594545983.0786684
MouseMove,1144,563,1594545983.0796666
MouseMove,1140,564,1594545983.0806644
MouseMove,1136,564,1594545983.0816624
MouseMove,1132,565,1594545983.082658
MouseMove,1125,567,1594545983.0836556
MouseMove,1121,568,1594545983.0846534
MouseMove,1116,568,1594545983.0856504
MouseMove,1112,569,1594545983.0856504
MouseMove,1106,570,1594545983.0866485
MouseMove,1103,571,1594545983.0876448
MouseMove,1100,571,1594545983.0886416
MouseMove,1088,574,1594545983.0896394
MouseMove,1083,574,1594545983.090637
MouseMove,1079,575,1594545983.0916345
MouseMove,1077,576,1594545983.0926313
MouseMove,1072,577,1594545983.0936294
MouseMove,1065,578,1594545983.0946262
MouseMove,1060,579,1594545983.0966222
MouseMove,1055,580,1594545983.0976183
MouseMove,1053,580,1594545983.0976183
MouseMove,1048,581,1594545983.0986154
MouseMove,1042,582,1594545983.099613
MouseMove,1036,583,1594545983.102605
MouseMove,1032,583,1594545983.103603
MouseMove,1029,584,1594545983.1046007
MouseMove,1024,585,1594545983.1055968
MouseMove,1017,586,1594545983.106594
MouseMove,1013,586,1594545983.106594
MouseMove,1009,586,1594545983.107591
MouseMove,1005,586,1594545983.1095853
MouseMove,994,587,1594545983.1115804
MouseMove,990,587,1594545983.1125782
MouseMove,980,588,1594545983.1125782
MouseMove,975,588,1594545983.113575
MouseMove,971,588,1594545983.114572
MouseMove,968,588,1594545983.1155686
MouseMove,964,588,1594545983.116568
MouseMove,957,589,1594545983.1175642
MouseMove,952,589,1594545983.1185625
MouseMove,945,589,1594545983.120561
MouseMove,941,589,1594545983.122551
MouseMove,933,589,1594545983.1235487
MouseMove,929,589,1594545983.1235487
MouseMove,923,589,1594545983.1255438
MouseMove,917,589,1594545983.1275387
MouseMove,910,589,1594545983.128535
MouseMove,907,589,1594545983.1295319
MouseMove,895,588,1594545983.1305299
MouseMove,891,588,1594545983.1315262
MouseMove,887,587,1594545983.1325243
MouseMove,881,587,1594545983.1325243
MouseMove,877,587,1594545983.133521
MouseMove,872,587,1594545983.134519
MouseMove,868,585,1594545983.1355164
MouseMove,863,585,1594545983.1375122
MouseMove,853,584,1594545983.1395056
MouseMove,849,583,1594545983.1395056
MouseMove,844,582,1594545983.1405034
MouseMove,840,581,1594545983.141501
MouseMove,834,581,1594545983.142497
MouseMove,830,579,1594545983.1434965
MouseMove,825,578,1594545983.1454883
MouseMove,821,577,1594545983.1474855
MouseMove,809,574,1594545983.148483
MouseMove,805,572,1594545983.148483
MouseMove,800,570,1594545983.1494792
MouseMove,798,570,1594545983.1514742
MouseMove,797,569,1594545983.1514742
MouseMove,793,568,1594545983.152471
MouseMove,786,565,1594545983.1534693
MouseMove,781,565,1594545983.1544657
MouseMove,779,563,1594545983.155463
MouseMove,771,560,1594545983.15746
MouseMove,768,558,1594545983.1594532
MouseMove,767,557,1594545983.16045
MouseMove,763,556,1594545983.16045
MouseMove,760,554,1594545983.1614473
MouseMove,755,551,1594545983.162445
MouseMove,751,550,1594545983.1644418
MouseMove,746,546,1594545983.1654375
MouseMove,745,546,1594545983.166434
MouseMove,742,544,1594545983.1674309
MouseMove,739,542,1594545983.1694279
MouseMove,732,537,1594545983.1714206
MouseMove,729,535,1594545983.1714206
MouseMove,726,534,1594545983.1734154
MouseMove,723,531,1594545983.1744125
MouseMove,721,529,1594545983.1754103
MouseMove,716,524,1594545983.1774049
MouseMove,712,521,1594545983.179401
MouseMove,710,519,1594545983.1803975
MouseMove,709,518,1594545983.1803975
MouseMove,708,516,1594545983.1823914
MouseMove,704,513,1594545983.184387
MouseMove,703,511,1594545983.184387
MouseMove,701,509,1594545983.1863797
MouseMove,700,507,1594545983.1883757
MouseMove,697,503,1594545983.1893747
MouseMove,695,501,1594545983.1893747
MouseMove,694,499,1594545983.192366
MouseMove,692,496,1594545983.192366
MouseMove,691,494,1594545983.194361
MouseMove,689,490,1594545983.195357
MouseMove,688,488,1594545983.1963532
MouseMove,687,487,1594545983.1983502
MouseMove,685,483,1594545983.2003438
MouseMove,685,482,1594545983.2013419
MouseMove,684,480,1594545983.2013419
MouseMove,684,478,1594545983.2023377
MouseMove,683,476,1594545983.2043316
MouseMove,682,475,1594545983.2063272
MouseMove,681,472,1594545983.2063272
MouseMove,681,470,1594545983.2083273
MouseMove,680,466,1594545983.2093225
MouseMove,680,465,1594545983.211314
MouseMove,679,462,1594545983.213308
MouseMove,679,461,1594545983.213308
MouseMove,679,460,1594545983.2153044
MouseMove,679,456,1594545983.216302
MouseMove,679,455,1594545983.2182953
MouseMove,679,454,1594545983.2202911
MouseMove,679,449,1594545983.2212868
MouseMove,679,447,1594545983.2212868
MouseMove,679,446,1594545983.223282
MouseMove,679,444,1594545983.2242794
MouseMove,679,442,1594545983.2262733
MouseMove,679,440,1594545983.2282689
MouseMove,679,437,1594545983.229266
MouseMove,679,435,1594545983.231259
MouseMove,679,434,1594545983.2332554
MouseMove,680,432,1594545983.2342544
MouseMove,680,431,1594545983.2342544
MouseMove,680,430,1594545983.2362473
MouseMove,681,427,1594545983.2382433
MouseMove,683,425,1594545983.2382433
MouseMove,683,424,1594545983.240234
MouseMove,683,424,1594545983.2442255
MouseMove,684,423,1594545983.246219
MouseMove,686,421,1594545983.2472174
MouseMove,686,420,1594545983.249213
MouseMove,688,418,1594545983.2502103
MouseMove,689,417,1594545983.252205
MouseMove,691,416,1594545983.2532022
MouseMove,692,415,1594545983.2541988
MouseMove,693,414,1594545983.257191
MouseMove,695,413,1594545983.2581887
MouseMove,697,411,1594545983.2601838
MouseMove,700,410,1594545983.2631755
MouseMove,703,409,1594545983.2641733
MouseMove,705,408,1594545983.266167
MouseMove,706,407,1594545983.267165
MouseMove,709,406,1594545983.2681623
MouseMove,711,406,1594545983.2701564
MouseMove,716,404,1594545983.2701564
MouseMove,718,404,1594545983.272156
MouseMove,720,404,1594545983.2741458
MouseMove,724,403,1594545983.2751434
MouseMove,728,402,1594545983.277139
MouseMove,730,402,1594545983.2791324
MouseMove,735,401,1594545983.2791324
MouseMove,738,401,1594545983.2801309
MouseMove,740,401,1594545983.2811284
MouseMove,742,401,1594545983.28412
MouseMove,745,401,1594545983.2851171
MouseMove,748,401,1594545983.2851171
MouseMove,751,401,1594545983.2871118
MouseMove,753,401,1594545983.2891066
MouseMove,758,401,1594545983.2891066
MouseMove,761,401,1594545983.2901044
MouseMove,765,401,1594545983.292099
MouseMove,768,401,1594545983.2930958
MouseMove,773,401,1594545983.2950912
MouseMove,775,401,1594545983.2970853
MouseMove,778,401,1594545983.2980843
MouseMove,781,401,1594545983.2990797
MouseMove,787,401,1594545983.2990797
MouseMove,790,401,1594545983.3000767
MouseMove,793,401,1594545983.3020709
MouseMove,798,402,1594545983.304065
MouseMove,802,402,1594545983.3050635
MouseMove,805,403,1594545983.3060608
MouseMove,810,403,1594545983.3060608
MouseMove,812,403,1594545983.3080564
MouseMove,815,404,1594545983.3090532
MouseMove,824,405,1594545983.3100498
MouseMove,828,405,1594545983.3110478
MouseMove,833,406,1594545983.31404
MouseMove,837,406,1594545983.315039
MouseMove,839,406,1594545983.3160343
MouseMove,842,407,1594545983.3170335
MouseMove,843,407,1594545983.3180287
MouseMove,846,407,1594545983.319027
MouseMove,851,408,1594545983.3200247
MouseMove,855,408,1594545983.321022
MouseMove,859,409,1594545983.322018
MouseMove,862,409,1594545983.323015
MouseMove,868,410,1594545983.323015
MouseMove,875,411,1594545983.3250053
MouseMove,878,411,1594545983.327005
MouseMove,879,411,1594545983.3280017
MouseMove,882,412,1594545983.3280017
MouseMove,885,413,1594545983.328999
MouseMove,890,413,1594545983.329997
MouseMove,894,413,1594545983.329997
MouseMove,897,414,1594545983.3309944
MouseMove,901,415,1594545983.331992
MouseMove,902,415,1594545983.332989
MouseMove,904,415,1594545983.3339865
MouseMove,908,416,1594545983.3349862
MouseMove,913,417,1594545983.335981
MouseMove,920,418,1594545983.3369782
MouseMove,921,418,1594545983.337974
MouseMove,924,419,1594545983.3409674
MouseMove,928,420,1594545983.3419652
MouseMove,931,421,1594545983.3429613
MouseMove,932,421,1594545983.3439722
MouseMove,935,422,1594545983.3449566
MouseMove,937,422,1594545983.345955
MouseMove,944,424,1594545983.3469515
MouseMove,946,425,1594545983.3479488
MouseMove,950,426,1594545983.3489451
MouseMove,954,427,1594545983.3499439
MouseMove,958,428,1594545983.3509407
MouseMove,960,429,1594545983.351939
MouseMove,964,430,1594545983.3529344
MouseMove,965,430,1594545983.3539321
MouseMove,968,431,1594545983.354931
MouseMove,971,431,1594545983.3569267
MouseMove,976,433,1594545983.3589187
MouseMove,981,435,1594545983.3589187
MouseMove,985,436,1594545983.3609161
MouseMove,987,437,1594545983.3629105
MouseMove,989,438,1594545983.3639066
MouseMove,994,439,1594545983.3639066
MouseMove,998,440,1594545983.3649049
MouseMove,1001,442,1594545983.3659022
MouseMove,1003,442,1594545983.366898
MouseMove,1006,443,1594545983.367896
MouseMove,1010,445,1594545983.3688936
MouseMove,1012,446,1594545983.36989
MouseMove,1015,447,1594545983.3708875
MouseMove,1020,448,1594545983.372884
MouseMove,1023,450,1594545983.3738809
MouseMove,1026,451,1594545983.3758755
MouseMove,1028,452,1594545983.3758755
MouseMove,1032,453,1594545983.376871
MouseMove,1034,454,1594545983.377869
MouseMove,1037,456,1594545983.3798635
MouseMove,1041,457,1594545983.381859
MouseMove,1043,458,1594545983.3828564
MouseMove,1046,459,1594545983.3828564
MouseMove,1050,461,1594545983.3848505
MouseMove,1052,462,1594545983.386845
MouseMove,1054,463,1594545983.386845
MouseMove,1056,465,1594545983.3878427
MouseMove,1062,467,1594545983.389834
MouseMove,1064,469,1594545983.3908336
MouseMove,1068,470,1594545983.3928306
MouseMove,1072,472,1594545983.3948228
MouseMove,1072,472,1594545983.3948228
MouseMove,1076,475,1594545983.3968182
MouseMove,1078,475,1594545983.3988137
MouseMove,1080,477,1594545983.3988137
MouseMove,1084,479,1594545983.4008088
MouseMove,1085,480,1594545983.4018059
MouseMove,1089,482,1594545983.4038005
MouseMove,1091,483,1594545983.4047983
MouseMove,1092,484,1594545983.4057932
MouseMove,1093,485,1594545983.4077895
MouseMove,1096,487,1594545983.4097838
MouseMove,1097,488,1594545983.4097838
MouseMove,1099,489,1594545983.411779
MouseMove,1100,490,1594545983.4127762
MouseMove,1101,491,1594545983.4137738
MouseMove,1104,493,1594545983.4157677
MouseMove,1105,493,1594545983.417762
MouseMove,1105,494,1594545983.4187608
MouseMove,1107,495,1594545983.4197571
MouseMove,1108,496,1594545983.4197571
MouseMove,1109,496,1594545983.4207544
MouseMove,1109,497,1594545983.421751
MouseMove,1111,498,1594545983.4227486
MouseMove,1111,499,1594545983.423747
MouseMove,1111,499,1594545983.4257429
MouseMove,1112,500,1594545983.4277358
MouseMove,1112,500,1594545983.4287333
MouseMove,1113,501,1594545983.4287333
MouseMove,1113,501,1594545983.4307287
MouseMove,1114,502,1594545983.4317248
MouseMove,1114,502,1594545983.4327219
MouseMove,1114,502,1594545983.4327219
MouseMove,1115,503,1594545983.4347177
MouseMove,1115,503,1594545983.435714
MouseMove,1115,503,1594545983.436711
MouseMove,1115,504,1594545983.4377086
MouseMove,1116,504,1594545983.4387074
MouseMove,1116,505,1594545983.4397044
MouseMove,1116,505,1594545983.4397044
MouseMove,1116,506,1594545983.4397044
MouseMove,1116,506,1594545983.4416983
MouseMove,1116,507,1594545983.4436967
MouseMove,1117,507,1594545983.445688
MouseMove,1117,507,1594545983.446686
MouseMove,1117,508,1594545983.446686
MouseMove,1117,508,1594545983.446686
MouseMove,1118,508,1594545983.4486794
MouseMove,1118,509,1594545983.4496772
MouseMove,1118,509,1594545983.4506733
MouseMove,1118,510,1594545983.452669
MouseMove,1119,510,1594545983.453667
MouseMove,1119,511,1594545983.4556613
MouseMove,1119,511,1594545983.457656
MouseMove,1119,511,1594545983.4586527
MouseMove,1119,512,1594545983.4596493
MouseMove,1120,512,1594545983.4616458
MouseMove,1120,512,1594545983.4626434
MouseMove,1120,513,1594545983.46364
MouseMove,1120,513,1594545983.464638
MouseMove,1121,513,1594545983.465634
MouseMove,1121,513,1594545983.4666321
MouseMove,1121,514,1594545983.4676301
MouseMove,1121,514,1594545983.4686282
MouseMove,1122,515,1594545983.4706185
MouseMove,1122,515,1594545983.471618
MouseMove,1122,515,1594545983.4726157
MouseMove,1123,515,1594545983.4736133
MouseMove,1123,516,1594545983.4756072
MouseMove,1124,516,1594545983.4766057
MouseMove,1124,516,1594545983.4776022
MouseMove,1124,516,1594545983.478601
MouseMove,1124,517,1594545983.4795976
MouseMove,1125,517,1594545983.4805934
MouseMove,1125,517,1594545983.4825892
MouseMove,1126,517,1594545983.484583
MouseMove,1126,517,1594545983.4855797
MouseMove,1126,518,1594545983.4855797
MouseMove,1127,518,1594545983.4865777
MouseMove,1127,518,1594545983.4905684
MouseMove,1127,518,1594545983.4905684
MouseMove,1128,518,1594545983.4915643
MouseMove,1128,518,1594545983.4935577
MouseMove,1129,518,1594545983.4965508
MouseMove,1129,518,1594545983.4965508
MouseMove,1129,518,1594545983.497548
MouseMove,1130,518,1594545983.5005395
MouseMove,1130,518,1594545983.5035334
KeyPressed,Key.f10,1594545983.507521
KeyReleased,Key.f10,1594545983.7843306
done
