KeyReleased,Key.f8,0.0037892999999993293
start
MouseMove,963,195,8.5195141
MouseMove,963,195,8.5198495
MouseMove,963,196,8.520732599999999
MouseMove,963,196,8.5213017
MouseMove,963,197,8.5224105
MouseMove,963,198,8.524491300000001
MouseMove,963,199,8.525489499999999
MouseMove,962,200,8.527407300000002
MouseMove,962,200,8.5294662
MouseMove,962,201,8.5302796
MouseMove,962,201,8.531262600000002
MouseMove,961,202,8.532284299999999
MouseMove,961,202,8.5333535
MouseMove,961,202,8.53436
MouseMove,960,203,8.535247200000002
MouseMove,960,204,8.536333699999998
MouseMove,959,205,8.5383975
MouseMove,959,205,8.540559499999999
MouseMove,958,206,8.5414718
MouseMove,958,206,8.5423665
MouseMove,958,207,8.5433937
MouseMove,955,210,8.5444228
MouseMove,955,210,8.5494344
MouseMove,954,211,8.5506175
MouseMove,953,212,8.551649300000001
MouseMove,953,212,8.552617600000001
MouseMove,952,213,8.5534483
MouseMove,952,214,8.554255399999999
MouseMove,951,214,8.5552731
MouseMove,950,215,8.5562709
MouseMove,950,216,8.5572392
MouseMove,949,216,8.5582808
MouseMove,949,216,8.5592883
MouseMove,948,217,8.5602824
MouseMove,947,218,8.5612633
MouseMove,947,218,8.562208
MouseMove,946,219,8.5632254
MouseMove,945,221,8.5642438
MouseMove,945,221,8.565263199999999
MouseMove,944,222,8.5662971
MouseMove,943,223,8.567275099999998
MouseMove,942,224,8.5684581
MouseMove,941,225,8.5695538
MouseMove,941,226,8.570493100000002
MouseMove,940,227,8.571450599999999
MouseMove,939,228,8.5724782
MouseMove,938,229,8.5734909
MouseMove,937,230,8.5745215
MouseMove,936,231,8.5756768
MouseMove,936,231,8.576663
MouseMove,935,232,8.577429599999999
MouseMove,933,234,8.5784089
MouseMove,933,235,8.579433100000001
MouseMove,932,236,8.5805156
MouseMove,931,237,8.5814034
MouseMove,929,239,8.5825884
MouseMove,929,239,8.5835783
MouseMove,928,240,8.5843309
MouseMove,927,241,8.585457200000002
MouseMove,926,242,8.5865668
MouseMove,925,244,8.587572699999999
MouseMove,924,245,8.588754
MouseMove,923,247,8.5897881
MouseMove,922,248,8.590548300000002
MouseMove,920,250,8.5914784
MouseMove,919,252,8.5924713
MouseMove,918,253,8.5934811
MouseMove,917,254,8.594471100000002
MouseMove,916,256,8.5954753
MouseMove,915,257,8.596437000000002
MouseMove,913,259,8.597663
MouseMove,912,261,8.5986772
MouseMove,911,263,8.5997146
MouseMove,910,264,8.600915699999998
MouseMove,909,265,8.6020473
MouseMove,907,267,8.6030018
MouseMove,906,269,8.604078
MouseMove,904,272,8.605024300000002
MouseMove,902,274,8.606300200000002
MouseMove,901,275,8.6073109
MouseMove,901,276,8.6082849
MouseMove,899,277,8.6106995
MouseMove,897,280,8.6119329
MouseMove,895,282,8.6131503
MouseMove,894,284,8.6140679
MouseMove,890,288,8.6149603
MouseMove,886,292,8.6169475
MouseMove,885,293,8.617907399999998
MouseMove,883,296,8.6192435
MouseMove,881,298,8.6205111
MouseMove,876,302,8.6213217
MouseMove,874,305,8.6226157
MouseMove,871,307,8.6234062
MouseMove,870,308,8.624509
MouseMove,867,311,8.625690800000001
MouseMove,864,314,8.626620399999998
MouseMove,860,317,8.627500800000002
MouseMove,858,320,8.628618900000001
MouseMove,855,322,8.629726100000001
MouseMove,852,325,8.631105100000001
MouseMove,845,331,8.6328373
MouseMove,844,332,8.6338269
MouseMove,841,335,8.6345711
MouseMove,834,342,8.635567700000001
MouseMove,832,344,8.6365158
MouseMove,829,347,8.6378211
MouseMove,828,348,8.6388989
MouseMove,824,351,8.6399702
MouseMove,821,353,8.6407763
MouseMove,818,355,8.641884899999999
MouseMove,816,358,8.6426774
MouseMove,810,363,8.643647199999998
MouseMove,807,366,8.6448494
MouseMove,803,368,8.645746
MouseMove,800,371,8.6467616
MouseMove,797,374,8.6476567
MouseMove,790,380,8.6487184
MouseMove,789,381,8.6494588
MouseMove,786,384,8.652654499999999
MouseMove,782,387,8.6538161
MouseMove,781,388,8.6554362
MouseMove,777,391,8.6569099
MouseMove,771,397,8.657823800000001
MouseMove,767,400,8.6586882
MouseMove,764,403,8.6594332
MouseMove,763,403,8.660178400000001
MouseMove,760,406,8.6609649
MouseMove,756,409,8.6616659
MouseMove,752,413,8.6625805
MouseMove,749,416,8.663605599999999
MouseMove,745,418,8.6648493
MouseMove,743,420,8.665552799999999
MouseMove,740,423,8.6663088
MouseMove,735,428,8.667322400000002
MouseMove,731,430,8.668455600000001
MouseMove,728,433,8.6695612
MouseMove,725,435,8.670475
MouseMove,722,438,8.6713332
MouseMove,719,441,8.6722665
MouseMove,718,442,8.673361499999999
MouseMove,712,448,8.6743732
MouseMove,709,451,8.6754972
MouseMove,705,454,8.676308499999998
MouseMove,703,456,8.6774285
MouseMove,702,457,8.678258
MouseMove,699,460,8.679221499999999
MouseMove,696,462,8.6802251
MouseMove,693,464,8.681224799999999
MouseMove,690,467,8.682234
MouseMove,685,471,8.683221
MouseMove,683,474,8.684216500000002
MouseMove,680,477,8.685415299999999
MouseMove,677,479,8.686582900000001
MouseMove,676,480,8.68738
MouseMove,673,483,8.6883669
MouseMove,670,485,8.6895291
MouseMove,668,488,8.6904296
MouseMove,665,490,8.6913362
MouseMove,663,493,8.692494299999998
MouseMove,661,495,8.693584600000001
MouseMove,659,497,8.6944324
MouseMove,656,500,8.6953746
MouseMove,654,502,8.6963875
MouseMove,652,504,8.697490799999999
MouseMove,649,506,8.698462699999999
MouseMove,646,509,8.6993589
MouseMove,644,511,8.7003755
MouseMove,642,513,8.7013997
MouseMove,640,516,8.702675600000001
MouseMove,638,518,8.7035706
MouseMove,637,520,8.7046025
MouseMove,634,523,8.7053806
MouseMove,631,525,8.706501
MouseMove,630,526,8.707764399999999
MouseMove,628,528,8.708821899999998
MouseMove,626,531,8.7104504
MouseMove,623,534,8.711431900000001
MouseMove,621,536,8.712352000000001
MouseMove,619,539,8.7130814
MouseMove,617,540,8.713787600000002
MouseMove,614,544,8.7144562
MouseMove,611,546,8.715374299999999
MouseMove,609,549,8.716313999999999
MouseMove,608,551,8.7173748
MouseMove,606,553,8.7184134
MouseMove,604,555,8.7196763
MouseMove,603,556,8.720655500000001
MouseMove,601,558,8.7215747
MouseMove,600,560,8.7223574
MouseMove,597,562,8.723330999999998
MouseMove,596,564,8.724376900000001
MouseMove,592,569,8.7253935
MouseMove,590,571,8.7265155
MouseMove,589,573,8.7274549
MouseMove,587,574,8.7283348
MouseMove,585,577,8.7292218
MouseMove,584,579,8.7304225
MouseMove,582,581,8.731258
MouseMove,580,582,8.732239599999998
MouseMove,579,584,8.7333298
MouseMove,578,586,8.7342954
MouseMove,576,588,8.735405799999999
MouseMove,575,590,8.7364111
MouseMove,573,592,8.7372928
MouseMove,572,593,8.738239100000001
MouseMove,570,595,8.739232000000001
MouseMove,566,600,8.7403294
MouseMove,565,602,8.741532
MouseMove,563,604,8.7427987
MouseMove,561,606,8.7436655
MouseMove,560,607,8.744444900000001
MouseMove,558,609,8.745412199999999
MouseMove,556,611,8.7464012
MouseMove,555,613,8.7472723
MouseMove,553,614,8.748276099999998
MouseMove,552,616,8.7492598
MouseMove,550,618,8.7502071
MouseMove,548,620,8.751219299999999
MouseMove,547,621,8.7522993
MouseMove,545,623,8.753397599999998
MouseMove,544,624,8.7543474
MouseMove,542,626,8.755250799999999
MouseMove,541,628,8.756225500000001
MouseMove,539,630,8.757289499999999
MouseMove,538,631,8.758249499999998
MouseMove,536,633,8.759247499999999
MouseMove,534,634,8.760253
MouseMove,533,636,8.761246199999999
MouseMove,530,638,8.762240499999999
MouseMove,529,640,8.7632226
MouseMove,527,641,8.7642005
MouseMove,525,643,8.7651942
MouseMove,523,644,8.7662098
MouseMove,522,646,8.767220199999999
MouseMove,520,647,8.7683848
MouseMove,519,649,8.7695626
MouseMove,517,650,8.7705105
MouseMove,516,651,8.771269300000002
MouseMove,514,653,8.772227299999999
MouseMove,512,654,8.7732546
MouseMove,510,655,8.774272600000002
MouseMove,508,657,8.775351500000001
MouseMove,507,658,8.7762744
MouseMove,505,659,8.777268200000002
MouseMove,504,661,8.778215600000001
MouseMove,502,662,8.779203
MouseMove,501,664,8.780227499999999
MouseMove,497,665,8.781301299999999
MouseMove,496,666,8.7824689
MouseMove,494,667,8.7834704
MouseMove,493,669,8.784553800000001
MouseMove,491,670,8.785540199999998
MouseMove,490,671,8.7867544
MouseMove,489,671,8.7877545
MouseMove,487,673,8.788522200000001
MouseMove,486,674,8.789337
MouseMove,484,675,8.790328099999998
MouseMove,483,676,8.7914045
MouseMove,481,677,8.7924615
MouseMove,479,679,8.793464499999999
MouseMove,478,679,8.7945143
MouseMove,476,680,8.7955102
MouseMove,475,681,8.796451199999998
MouseMove,472,684,8.7973562
MouseMove,471,684,8.798263600000002
MouseMove,470,685,8.799270700000001
MouseMove,468,686,8.8002766
MouseMove,467,687,8.801326099999999
MouseMove,466,688,8.802445299999999
MouseMove,464,688,8.8035578
MouseMove,463,689,8.804712899999998
MouseMove,462,690,8.805614400000001
MouseMove,460,691,8.806783
MouseMove,459,692,8.807563700000001
MouseMove,458,693,8.808280400000001
MouseMove,456,693,8.8093597
MouseMove,455,694,8.810408599999999
MouseMove,454,694,8.811355899999999
MouseMove,453,695,8.8122384
MouseMove,451,695,8.8132496
MouseMove,450,697,8.8142511
MouseMove,449,697,8.815262
MouseMove,448,698,8.816248900000001
MouseMove,447,698,8.8172887
MouseMove,446,699,8.818294300000002
MouseMove,444,700,8.8195402
MouseMove,444,700,8.8205454
MouseMove,442,701,8.821411300000001
MouseMove,442,701,8.8223388
MouseMove,441,702,8.8233741
MouseMove,439,702,8.824379799999999
MouseMove,438,703,8.8253294
MouseMove,437,703,8.826316700000001
MouseMove,436,704,8.827257699999999
MouseMove,435,705,8.8282749
MouseMove,434,705,8.8292571
MouseMove,433,706,8.8302527
MouseMove,432,706,8.831204500000002
MouseMove,430,707,8.8322667
MouseMove,429,708,8.833335700000001
MouseMove,428,708,8.835538
MouseMove,427,709,8.8366096
MouseMove,426,709,8.837502399999998
MouseMove,425,710,8.838294300000001
MouseMove,424,710,8.8393141
MouseMove,424,711,8.840232599999998
MouseMove,423,711,8.8412727
MouseMove,421,712,8.842309199999999
MouseMove,421,712,8.8432618
MouseMove,420,713,8.844260400000001
MouseMove,419,713,8.8451754
MouseMove,418,714,8.846228499999999
MouseMove,417,714,8.847277099999998
MouseMove,416,715,8.8482427
MouseMove,416,715,8.8491981
MouseMove,415,716,8.850185999999999
MouseMove,414,716,8.8511926
MouseMove,412,717,8.8523279
MouseMove,411,718,8.8544145
MouseMove,411,718,8.855352199999999
MouseMove,410,719,8.856267499999998
MouseMove,409,719,8.857213900000001
MouseMove,408,719,8.858287999999998
MouseMove,407,720,8.859592
MouseMove,407,720,8.860508300000001
MouseMove,406,721,8.861388400000001
MouseMove,405,721,8.8622336
MouseMove,405,721,8.8632293
MouseMove,403,722,8.8642151
MouseMove,403,722,8.8651837
MouseMove,402,722,8.8662062
MouseMove,402,722,8.8672945
MouseMove,401,723,8.8683327
MouseMove,400,723,8.8694332
MouseMove,400,723,8.8704782
MouseMove,399,724,8.8713484
MouseMove,398,724,8.8722811
MouseMove,398,724,8.8732639
MouseMove,397,725,8.874322500000002
MouseMove,396,725,8.8753275
MouseMove,396,725,8.876292200000002
MouseMove,395,726,8.877303499999998
MouseMove,395,726,8.8782754
MouseMove,394,727,8.8793211
MouseMove,394,727,8.8803113
MouseMove,394,727,8.8812648
MouseMove,393,727,8.882273
MouseMove,393,727,8.8832203
MouseMove,392,728,8.8842384
MouseMove,392,728,8.885374899999999
MouseMove,391,728,8.8864777
MouseMove,391,728,8.8874233
MouseMove,391,728,8.888268799999999
MouseMove,390,728,8.889233
MouseMove,389,728,8.8903224
MouseMove,389,729,8.892524799999999
MouseMove,389,729,8.894433699999999
MouseMove,388,729,8.8954384
MouseMove,388,729,8.897404900000002
MouseMove,388,729,8.898299100000001
MouseMove,388,729,8.9003868
MouseMove,388,730,8.9044642
MouseMove,388,730,8.9084519
MouseMove,388,730,8.9375629
MouseMove,388,730,8.938592100000001
MouseMove,388,730,8.9405055
MouseMove,388,730,8.9436073
MouseMove,389,730,8.9453152
MouseMove,389,730,8.9462904
MouseMove,390,729,8.948343000000001
MouseMove,390,729,8.9492679
MouseMove,391,729,8.950340899999999
MouseMove,391,729,8.9514209
MouseMove,391,729,8.9524466
MouseMove,392,729,8.9535538
MouseMove,393,729,8.954478700000001
MouseMove,393,729,8.9555223
MouseMove,393,729,8.9564806
MouseMove,394,729,8.957487899999999
MouseMove,394,728,8.958398599999999
MouseMove,395,728,8.959370900000001
MouseMove,396,728,8.9603929
MouseMove,397,728,8.961312300000001
MouseMove,397,728,8.9622842
MouseMove,398,728,8.9635555
MouseMove,399,728,8.964635300000001
MouseMove,400,728,8.965532300000001
MouseMove,401,728,8.9663811
MouseMove,401,728,8.9673696
MouseMove,402,728,8.9683153
MouseMove,403,727,8.9694657
MouseMove,404,727,8.9704103
MouseMove,405,727,8.9712441
MouseMove,406,727,8.972277
MouseMove,407,727,8.973438499999999
MouseMove,408,727,8.974467299999999
MouseMove,409,727,8.9754298
MouseMove,410,727,8.976380800000001
MouseMove,412,726,8.9774575
MouseMove,413,726,8.9784006
MouseMove,414,726,8.9793578
MouseMove,415,726,8.9802873
MouseMove,416,726,8.9813141
MouseMove,417,726,8.9823317
MouseMove,418,726,8.983351299999999
MouseMove,420,726,8.9843176
MouseMove,421,726,8.9854272
MouseMove,424,726,8.986543
MouseMove,425,726,8.9874458
MouseMove,427,726,8.9883
MouseMove,429,726,8.9894008
MouseMove,431,726,8.9904689
MouseMove,432,726,8.991417199999999
MouseMove,434,726,8.9925029
MouseMove,436,726,8.9934194
MouseMove,437,726,8.9943563
MouseMove,438,726,8.9953425
MouseMove,440,726,8.996376199999998
MouseMove,442,726,8.9972691
MouseMove,444,726,8.9983763
MouseMove,446,726,8.9993206
MouseMove,448,726,9.000367399999998
MouseMove,450,726,9.001274
MouseMove,452,726,9.002379
MouseMove,454,726,9.0035125
MouseMove,457,726,9.0043607
MouseMove,458,726,9.005405999999999
MouseMove,461,726,9.006381600000001
MouseMove,463,726,9.007481499999999
MouseMove,464,726,9.0084609
MouseMove,466,726,9.009552900000001
MouseMove,469,726,9.0103262
MouseMove,471,726,9.0112324
MouseMove,476,726,9.012211
MouseMove,479,726,9.0132261
MouseMove,482,726,9.0142215
MouseMove,484,726,9.0151974
MouseMove,485,726,9.016197199999999
MouseMove,488,726,9.0172233
MouseMove,491,726,9.0183654
MouseMove,493,726,9.019474099999998
MouseMove,495,726,9.020431
MouseMove,498,726,9.0213118
MouseMove,501,726,9.0222786
MouseMove,505,726,9.0232741
MouseMove,509,726,9.0242431
MouseMove,511,726,9.0254028
MouseMove,514,726,9.0264587
MouseMove,516,726,9.0272788
MouseMove,519,726,9.028224800000002
MouseMove,522,726,9.0292398
MouseMove,529,726,9.0302172
MouseMove,532,726,9.0312124
MouseMove,536,726,9.032214699999999
MouseMove,538,726,9.0332023
MouseMove,542,726,9.034219199999999
MouseMove,545,726,9.0353078
MouseMove,548,726,9.0364308
MouseMove,551,726,9.0373529
MouseMove,555,726,9.038230800000001
MouseMove,557,726,9.039210299999999
MouseMove,561,726,9.0402441
MouseMove,570,726,9.041277
MouseMove,571,726,9.0422821
MouseMove,575,726,9.0433209
MouseMove,583,727,9.0442637
MouseMove,588,727,9.0452876
MouseMove,591,728,9.0462351
MouseMove,593,728,9.0471977
MouseMove,597,728,9.048202300000002
MouseMove,602,729,9.0492158
MouseMove,604,729,9.050226799999999
MouseMove,613,729,9.051221599999998
MouseMove,614,730,9.0523884
MouseMove,619,730,9.0535583
MouseMove,628,731,9.054333399999999
MouseMove,662,736,9.055382
MouseMove,666,736,9.0629662
MouseMove,671,737,9.064122699999999
MouseMove,676,738,9.0647942
MouseMove,681,739,9.0656107
MouseMove,686,739,9.066351599999999
MouseMove,691,740,9.0675913
MouseMove,696,742,9.068566699999998
MouseMove,707,743,9.0696095
MouseMove,713,744,9.0704047
MouseMove,718,745,9.0712533
MouseMove,728,748,9.0722737
MouseMove,735,749,9.0732673
MouseMove,740,750,9.0742521
MouseMove,746,751,9.0752848
MouseMove,749,752,9.0762861
MouseMove,755,753,9.077225599999998
MouseMove,760,754,9.0782221
MouseMove,771,757,9.0792019
MouseMove,777,758,9.0802066
MouseMove,783,759,9.0812049
MouseMove,792,762,9.0822138
MouseMove,800,763,9.0832085
MouseMove,805,764,9.0842218
MouseMove,815,766,9.0852719
MouseMove,822,768,9.086338300000001
MouseMove,827,768,9.0872807
MouseMove,838,771,9.0882625
MouseMove,845,772,9.0892921
MouseMove,849,773,9.090285799999998
MouseMove,862,776,9.0913498
MouseMove,867,777,9.0923242
MouseMove,872,779,9.093275499999999
MouseMove,883,780,9.0942338
MouseMove,889,781,9.095246600000001
MouseMove,894,782,9.096274999999999
MouseMove,906,785,9.097244
MouseMove,912,786,9.0982691
MouseMove,917,787,9.0992393
MouseMove,928,789,9.1002204
MouseMove,934,790,9.1012433
MouseMove,939,790,9.1023201
MouseMove,951,792,9.1034203
MouseMove,957,794,9.104285299999999
MouseMove,962,795,9.1053127
MouseMove,969,796,9.1063447
MouseMove,971,796,9.1074038
MouseMove,984,799,9.1084289
MouseMove,991,800,9.109303700000002
MouseMove,993,800,9.110288599999999
MouseMove,1000,801,9.1112759
MouseMove,1004,802,9.1122233
MouseMove,1015,804,9.1132426
MouseMove,1023,805,9.114264799999999
MouseMove,1029,805,9.1152463
MouseMove,1030,806,9.1162242
MouseMove,1035,807,9.117225000000001
MouseMove,1043,808,9.118376
MouseMove,1048,808,9.119415199999999
MouseMove,1056,810,9.1203508
MouseMove,1062,811,9.1212391
MouseMove,1070,812,9.122236
MouseMove,1076,813,9.123197300000001
MouseMove,1081,813,9.124243
MouseMove,1082,814,9.1252725
MouseMove,1087,815,9.126252599999999
MouseMove,1098,815,9.1272592
MouseMove,1103,816,9.128217399999999
MouseMove,1108,817,9.1291977
MouseMove,1109,817,9.1302151
MouseMove,1114,818,9.1312404
MouseMove,1122,819,9.132263400000001
MouseMove,1127,820,9.133214599999999
MouseMove,1131,821,9.1342225
MouseMove,1135,821,9.1353476
MouseMove,1139,822,9.136447
MouseMove,1144,822,9.137279999999999
MouseMove,1146,822,9.1382123
MouseMove,1149,823,9.1391989
MouseMove,1157,825,9.140189900000001
MouseMove,1161,825,9.141348299999999
MouseMove,1165,826,9.1424771
MouseMove,1167,826,9.1434249
MouseMove,1171,827,9.1443367
MouseMove,1174,828,9.1453167
MouseMove,1178,828,9.1462941
MouseMove,1182,829,9.1472794
MouseMove,1185,830,9.148246499999999
MouseMove,1189,830,9.1492627
MouseMove,1190,830,9.150255000000001
MouseMove,1192,831,9.151325
MouseMove,1195,832,9.152450300000002
MouseMove,1202,833,9.1535096
MouseMove,1205,833,9.1545048
MouseMove,1207,834,9.155246799999999
MouseMove,1210,835,9.1563292
MouseMove,1211,835,9.157316400000001
MouseMove,1213,835,9.1583107
MouseMove,1216,836,9.1593168
MouseMove,1219,836,9.160309499999999
MouseMove,1224,837,9.161304099999999
MouseMove,1226,838,9.1622435
MouseMove,1229,838,9.1633732
MouseMove,1230,838,9.164223699999999
MouseMove,1234,839,9.1652413
MouseMove,1234,840,9.166264400000001
MouseMove,1236,840,9.1672261
MouseMove,1239,840,9.1683926
MouseMove,1240,841,9.169558599999998
MouseMove,1244,841,9.17045
MouseMove,1246,842,9.1712788
MouseMove,1248,843,9.172258300000001
MouseMove,1250,843,9.1732923
MouseMove,1252,844,9.1742837
MouseMove,1254,844,9.1752978
MouseMove,1256,845,9.176263800000001
MouseMove,1258,845,9.1772542
MouseMove,1260,846,9.1782412
MouseMove,1262,846,9.179306399999998
MouseMove,1263,847,9.180246499999999
MouseMove,1264,847,9.1812135
MouseMove,1266,848,9.1822237
MouseMove,1268,848,9.183231800000001
MouseMove,1270,849,9.184280999999999
MouseMove,1272,850,9.1854289
MouseMove,1274,850,9.1864579
MouseMove,1276,851,9.1873925
MouseMove,1277,851,9.1882606
MouseMove,1279,852,9.1892513
MouseMove,1280,852,9.190218199999999
MouseMove,1282,853,9.1912571
MouseMove,1283,854,9.1922732
MouseMove,1285,854,9.193266
MouseMove,1287,854,9.1942655
MouseMove,1288,855,9.195296099999998
MouseMove,1289,855,9.1962455
MouseMove,1290,856,9.197274799999999
MouseMove,1293,857,9.1982821
MouseMove,1294,857,9.1992703
MouseMove,1295,858,9.200209699999998
MouseMove,1296,858,9.201223899999999
MouseMove,1297,859,9.202489
MouseMove,1298,859,9.203651099999998
MouseMove,1299,859,9.2043642
MouseMove,1301,860,9.2054107
MouseMove,1302,860,9.2064495
MouseMove,1302,860,9.2074888
MouseMove,1303,860,9.208556000000002
MouseMove,1304,861,9.209518599999999
MouseMove,1305,861,9.210455200000002
MouseMove,1306,862,9.211449800000002
MouseMove,1307,862,9.212770599999999
MouseMove,1308,862,9.213679299999999
MouseMove,1308,863,9.2149512
MouseMove,1310,863,9.2164308
MouseMove,1311,864,9.218084499999998
MouseMove,1312,864,9.2190171
MouseMove,1312,864,9.2200081
MouseMove,1313,865,9.221209299999998
MouseMove,1314,865,9.222128800000002
MouseMove,1315,865,9.2231155
MouseMove,1315,866,9.22433
MouseMove,1316,866,9.225212200000001
MouseMove,1317,866,9.226837
MouseMove,1317,867,9.2279587
MouseMove,1317,867,9.2291219
MouseMove,1318,867,9.2302009
MouseMove,1319,868,9.2313113
MouseMove,1319,868,9.2322974
MouseMove,1320,868,9.2337888
MouseMove,1320,868,9.2346857
MouseMove,1321,868,9.2356182
MouseMove,1321,868,9.2367079
MouseMove,1322,868,9.237691100000001
MouseMove,1322,869,9.2395794
MouseMove,1323,869,9.240483800000002
MouseMove,1323,869,9.2424946
MouseMove,1323,869,9.2445699
MouseMove,1323,869,9.2453904
MouseMove,1324,869,9.2463303
MouseMove,1324,869,9.2482983
MouseMove,1324,869,9.252527199999998
MouseMove,1324,869,9.2866196
MouseMove,1324,869,9.289487999999999
MouseMove,1324,869,9.290303199999999
MouseMove,1324,869,9.2913441
MouseMove,1324,868,9.2923099
MouseMove,1324,868,9.293405200000002
MouseMove,1324,867,9.295574700000001
MouseMove,1324,867,9.2974331
MouseMove,1324,866,9.2985654
MouseMove,1323,866,9.2995897
MouseMove,1323,866,9.3006743
MouseMove,1323,866,9.301467399999998
MouseMove,1323,866,9.3025471
MouseMove,1322,866,9.303708
MouseMove,1322,865,9.304507
MouseMove,1322,865,9.305359099999999
MouseMove,1321,864,9.3074819
MouseMove,1321,864,9.3095122
MouseMove,1321,864,9.310674200000001
MouseMove,1321,863,9.311537300000001
MouseMove,1320,863,9.312584900000001
MouseMove,1320,862,9.3135642
MouseMove,1320,862,9.315534900000001
MouseMove,1319,861,9.316474000000001
MouseMove,1319,861,9.3184799
MouseMove,1319,861,9.319724
MouseMove,1319,860,9.320582799999999
MouseMove,1319,860,9.322418599999999
MouseMove,1318,859,9.3233132
MouseMove,1318,859,9.325610999999999
MouseMove,1318,858,9.326663700000001
MouseMove,1317,858,9.327608099999999
MouseMove,1317,857,9.329641899999999
MouseMove,1317,857,9.330822900000001
MouseMove,1316,856,9.3323025
MouseMove,1316,856,9.334134999999998
MouseMove,1316,856,9.3354684
MouseMove,1316,855,9.3366873
MouseMove,1315,855,9.337650199999999
MouseMove,1315,854,9.3388352
MouseMove,1314,854,9.3399243
MouseMove,1314,853,9.3418927
MouseMove,1314,852,9.3427437
MouseMove,1313,852,9.3438859
MouseMove,1313,851,9.346147199999999
MouseMove,1313,851,9.347146500000001
MouseMove,1313,850,9.3490017
MouseMove,1312,849,9.3502834
MouseMove,1312,849,9.3515643
MouseMove,1311,848,9.352625699999999
MouseMove,1311,848,9.3536057
MouseMove,1311,847,9.3545895
MouseMove,1310,846,9.3553214
MouseMove,1310,846,9.3563695
MouseMove,1310,845,9.3574037
MouseMove,1309,844,9.3584486
MouseMove,1309,844,9.359607800000001
MouseMove,1309,843,9.360561400000002
MouseMove,1308,842,9.3614562
MouseMove,1308,841,9.362597
MouseMove,1307,841,9.363928399999999
MouseMove,1307,840,9.364875
MouseMove,1306,839,9.3658567
MouseMove,1306,838,9.3669113
MouseMove,1305,837,9.3678943
MouseMove,1305,837,9.3688909
MouseMove,1305,836,9.3700154
MouseMove,1304,835,9.371025699999999
MouseMove,1304,834,9.3719995
MouseMove,1303,833,9.3735035
MouseMove,1303,832,9.374488300000001
MouseMove,1302,830,9.375515100000001
MouseMove,1300,826,9.3770095
MouseMove,1299,825,9.379112399999999
MouseMove,1299,824,9.379891400000002
MouseMove,1298,822,9.380680499999999
MouseMove,1297,821,9.3816724
MouseMove,1296,818,9.3826054
MouseMove,1295,816,9.3837858
MouseMove,1294,815,9.3851801
MouseMove,1293,813,9.386791200000001
MouseMove,1292,809,9.387929299999998
MouseMove,1291,809,9.388820500000001
MouseMove,1291,807,9.389753
MouseMove,1289,805,9.3908599
MouseMove,1288,803,9.391960800000001
MouseMove,1288,801,9.3929019
MouseMove,1286,799,9.3936133
MouseMove,1285,797,9.3946366
MouseMove,1284,794,9.3956782
MouseMove,1281,788,9.3964123
MouseMove,1280,786,9.397707100000002
MouseMove,1279,783,9.399143200000001
MouseMove,1277,780,9.4000177
MouseMove,1277,779,9.4010997
MouseMove,1275,776,9.402208100000001
MouseMove,1274,773,9.4034569
MouseMove,1272,768,9.4043574
MouseMove,1270,764,9.4051719
MouseMove,1269,760,9.406066599999999
MouseMove,1266,756,9.4067368
MouseMove,1266,755,9.4075478
MouseMove,1265,751,9.4084452
MouseMove,1263,748,9.4094188
MouseMove,1261,744,9.4104621
MouseMove,1259,739,9.411382000000001
MouseMove,1257,733,9.4123614
MouseMove,1255,730,9.4133232
MouseMove,1253,725,9.4148052
MouseMove,1250,718,9.415587
MouseMove,1248,715,9.4164753
MouseMove,1246,709,9.4174866
MouseMove,1245,708,9.4186803
MouseMove,1243,704,9.4198374
MouseMove,1240,696,9.4207987
MouseMove,1238,691,9.4217672
MouseMove,1236,685,9.4226779
MouseMove,1235,684,9.4234397
MouseMove,1233,679,9.4244915
MouseMove,1230,672,9.4256572
MouseMove,1228,667,9.4271812
MouseMove,1225,659,9.428389300000001
MouseMove,1222,654,9.4295229
MouseMove,1220,648,9.430420699999999
MouseMove,1218,644,9.4316703
MouseMove,1214,636,9.4324836
MouseMove,1212,630,9.4338705
MouseMove,1210,626,9.4346583
MouseMove,1209,624,9.4355837
MouseMove,1208,620,9.4367985
MouseMove,1204,612,9.4376726
MouseMove,1202,607,9.438823
MouseMove,1199,598,9.439734599999998
MouseMove,1196,593,9.440669
MouseMove,1194,588,9.4415965
MouseMove,1193,587,9.4429863
MouseMove,1188,575,9.4442912
MouseMove,1187,573,9.4450838
MouseMove,1185,569,9.446151799999999
MouseMove,1182,561,9.4472025
MouseMove,1180,557,9.4479597
MouseMove,1178,552,9.4486246
MouseMove,1177,550,9.4492559
MouseMove,1175,546,9.450213999999999
MouseMove,1172,538,9.451218099999998
MouseMove,1169,534,9.4522762
MouseMove,1167,528,9.4533865
MouseMove,1164,521,9.454347400000001
MouseMove,1162,515,9.4552852
MouseMove,1161,514,9.4562789
MouseMove,1159,509,9.4572648
MouseMove,1156,501,9.4582626
MouseMove,1154,497,9.4592506
MouseMove,1152,492,9.4603098
MouseMove,1151,488,9.461252300000002
MouseMove,1148,484,9.462255
MouseMove,1147,479,9.4632826
MouseMove,1144,475,9.4642825
MouseMove,1143,471,9.4653464
MouseMove,1141,466,9.4663342
MouseMove,1140,464,9.4673415
MouseMove,1138,460,9.4684732
MouseMove,1136,456,9.4695468
MouseMove,1136,454,9.4704219
MouseMove,1134,450,9.4713674
MouseMove,1132,447,9.4722447
MouseMove,1132,444,9.4732775
MouseMove,1130,440,9.474347499999999
MouseMove,1128,437,9.475297399999999
MouseMove,1127,435,9.4762388
MouseMove,1126,431,9.4772514
MouseMove,1123,424,9.478223999999999
MouseMove,1122,422,9.4792419
MouseMove,1121,419,9.480208600000001
MouseMove,1119,416,9.481216700000001
MouseMove,1117,411,9.482257500000001
MouseMove,1115,407,9.483271
MouseMove,1114,405,9.4842293
MouseMove,1113,402,9.485311000000001
MouseMove,1112,400,9.4864315
MouseMove,1111,398,9.4873846
MouseMove,1109,394,9.4882349
MouseMove,1108,390,9.4892407
MouseMove,1106,386,9.490292
MouseMove,1105,383,9.4912576
MouseMove,1104,381,9.492296600000001
MouseMove,1103,379,9.493295
MouseMove,1102,376,9.494224599999999
MouseMove,1101,373,9.495219299999999
MouseMove,1099,367,9.4962501
MouseMove,1098,365,9.4972088
MouseMove,1096,362,9.4982043
MouseMove,1095,358,9.499213099999999
MouseMove,1094,357,9.5002145
MouseMove,1094,355,9.501198
MouseMove,1092,352,9.5022848
MouseMove,1091,349,9.5033633
MouseMove,1090,344,9.5042958
MouseMove,1090,344,9.5052833
MouseMove,1089,341,9.506269
MouseMove,1088,338,9.5072405
MouseMove,1085,332,9.5082536
MouseMove,1084,329,9.509225500000001
MouseMove,1083,327,9.510308
MouseMove,1082,324,9.5113066
MouseMove,1082,322,9.512222300000001
MouseMove,1081,320,9.513267399999998
MouseMove,1079,317,9.514242800000002
MouseMove,1078,310,9.515232999999998
MouseMove,1077,309,9.516185799999999
MouseMove,1076,307,9.5171771
MouseMove,1075,304,9.5182256
MouseMove,1074,301,9.5193371
MouseMove,1073,299,9.5203877
MouseMove,1071,293,9.5213034
MouseMove,1070,290,9.5222397
MouseMove,1070,288,9.5232857
MouseMove,1069,287,9.524456200000001
MouseMove,1069,285,9.525408899999999
MouseMove,1067,281,9.5263912
MouseMove,1065,276,9.5273554
MouseMove,1065,274,9.5283667
MouseMove,1064,271,9.529334
MouseMove,1063,269,9.5303404
MouseMove,1062,266,9.5312947
MouseMove,1061,262,9.5322873
MouseMove,1060,259,9.5333191
MouseMove,1059,257,9.5343182
MouseMove,1058,255,9.5354203
MouseMove,1057,252,9.536472800000002
MouseMove,1057,252,9.5374076
MouseMove,1057,250,9.538292599999998
MouseMove,1055,247,9.5392554
MouseMove,1055,245,9.540278599999999
MouseMove,1054,244,9.5413838
MouseMove,1053,239,9.5424826
MouseMove,1052,238,9.5433975
MouseMove,1051,236,9.5443346
MouseMove,1050,233,9.545279899999999
MouseMove,1050,232,9.5462809
MouseMove,1049,230,9.5473176
MouseMove,1049,229,9.5483198
MouseMove,1048,228,9.5492782
MouseMove,1047,226,9.5502941
MouseMove,1046,224,9.5513216
MouseMove,1046,223,9.5524511
MouseMove,1044,219,9.5534334
MouseMove,1043,217,9.5543075
MouseMove,1043,216,9.555267200000001
MouseMove,1042,214,9.5562441
MouseMove,1041,213,9.5572592
MouseMove,1040,212,9.5582671
MouseMove,1040,210,9.559262499999999
MouseMove,1039,209,9.560296600000001
MouseMove,1038,207,9.561280200000002
MouseMove,1037,206,9.562289500000002
MouseMove,1036,204,9.5633202
MouseMove,1036,203,9.5643499
MouseMove,1035,201,9.5652855
MouseMove,1034,200,9.5662568
MouseMove,1033,199,9.5672495
MouseMove,1033,197,9.5683544
MouseMove,1032,196,9.5693421
MouseMove,1031,194,9.570354199999999
MouseMove,1030,193,9.571229699999998
MouseMove,1030,193,9.572206600000001
MouseMove,1029,191,9.573229099999999
MouseMove,1029,190,9.5742482
MouseMove,1028,189,9.5753138
MouseMove,1027,187,9.5762711
MouseMove,1027,186,9.5772668
MouseMove,1025,184,9.5782365
MouseMove,1024,182,9.5792056
MouseMove,1023,181,9.580224199999998
MouseMove,1022,180,9.581212
MouseMove,1022,178,9.5821925
MouseMove,1021,177,9.5831927
MouseMove,1020,176,9.584231999999998
MouseMove,1020,175,9.5852475
MouseMove,1019,174,9.586372700000002
MouseMove,1018,173,9.5873777
MouseMove,1017,172,9.5883267
MouseMove,1017,170,9.589268599999999
MouseMove,1016,169,9.590237700000001
MouseMove,1015,168,9.5912838
MouseMove,1014,167,9.592289899999999
MouseMove,1013,166,9.5932686
MouseMove,1013,164,9.594261300000001
MouseMove,1012,163,9.5952792
MouseMove,1011,162,9.5962389
MouseMove,1011,161,9.597280399999999
MouseMove,1010,161,9.5982338
MouseMove,1010,160,9.599192200000001
MouseMove,1008,159,9.600212899999999
MouseMove,1008,158,9.6012261
MouseMove,1007,158,9.602532400000001
MouseMove,1006,155,9.6037153
MouseMove,1006,155,9.6044532
MouseMove,1005,154,9.6052711
MouseMove,1005,153,9.6062183
MouseMove,1004,152,9.6072816
MouseMove,1004,151,9.6082567
MouseMove,1003,151,9.6092195
MouseMove,1003,150,9.6102362
MouseMove,1002,150,9.6112056
MouseMove,1002,149,9.612196500000001
MouseMove,1001,148,9.613222500000001
MouseMove,1001,148,9.6142287
MouseMove,1000,147,9.615225800000001
MouseMove,1000,146,9.6162977
MouseMove,1000,146,9.6173294
MouseMove,999,145,9.6183465
MouseMove,999,144,9.619402000000001
MouseMove,998,144,9.6203944
MouseMove,998,143,9.621243400000001
MouseMove,997,142,9.622215200000001
MouseMove,997,141,9.6232023
MouseMove,996,141,9.6242149
MouseMove,996,141,9.6252399
MouseMove,996,140,9.6262252
MouseMove,995,140,9.6272801
MouseMove,995,139,9.628322599999999
MouseMove,994,139,9.6293464
MouseMove,994,138,9.630321
MouseMove,993,138,9.6313108
MouseMove,993,137,9.6322338
MouseMove,993,137,9.6332399
MouseMove,993,136,9.6342646
MouseMove,993,136,9.6353816
MouseMove,992,136,9.636513
MouseMove,992,136,9.6373981
MouseMove,991,135,9.638335999999999
MouseMove,991,135,9.6393578
MouseMove,991,134,9.6403893
MouseMove,991,134,9.6414104
MouseMove,990,134,9.6424479
MouseMove,990,133,9.6434006
MouseMove,990,133,9.6444662
MouseMove,989,132,9.6455418
MouseMove,989,132,9.646391499999998
MouseMove,989,132,9.6473629
MouseMove,988,131,9.6482419
MouseMove,988,131,9.6493183
MouseMove,988,131,9.650317000000001
MouseMove,987,130,9.6525149
MouseMove,987,130,9.6544836
MouseMove,987,130,9.655292100000002
MouseMove,987,129,9.6563031
MouseMove,986,129,9.657276399999999
MouseMove,986,129,9.6582737
MouseMove,986,128,9.660264600000001
MouseMove,985,128,9.662231400000001
MouseMove,985,128,9.663279900000001
MouseMove,985,127,9.6664554
MouseMove,984,127,9.6695825
MouseMove,984,127,9.670682399999999
MouseMove,984,127,9.769901
MouseMove,984,128,9.7745398
MouseMove,984,128,9.7774471
MouseMove,984,128,9.7804534
MouseMove,984,129,9.7822782
MouseMove,984,129,9.7833641
MouseMove,984,130,9.7865714
MouseMove,984,130,9.7895983
MouseMove,984,130,9.7925394
MouseMove,984,131,9.795391299999999
MouseMove,984,131,9.798298299999999
MouseMove,984,132,9.801543800000001
MouseMove,984,132,9.804591199999999
MouseMove,984,133,9.8073487
MouseMove,984,133,9.8103956
MouseMove,984,134,9.813485300000002
MouseMove,984,134,9.816536900000001
MouseMove,984,135,9.8196654
MouseMove,984,135,9.8224934
MouseMove,984,135,9.824653099999999
MouseMove,984,135,9.827668699999998
MouseMove,984,136,9.8294873
MouseMove,984,136,9.8303133
MouseMove,984,137,9.8325224
MouseMove,984,137,9.834355200000001
MouseMove,984,138,9.837439100000001
MouseMove,984,138,9.8404257
MouseMove,984,139,9.8423978
MouseMove,984,139,9.844422
MouseMove,983,140,9.846321
MouseMove,983,140,9.8472402
MouseMove,983,140,9.8492096
MouseMove,983,141,9.8502239
MouseMove,983,141,9.8514257
MouseMove,983,142,9.8535191
MouseMove,983,142,9.8544557
MouseMove,982,143,9.8553893
MouseMove,982,143,9.856274299999999
MouseMove,982,144,9.857267299999998
MouseMove,982,145,9.8583835
MouseMove,982,146,9.859494300000001
MouseMove,981,146,9.8614786
MouseMove,981,147,9.862392900000001
MouseMove,981,147,9.8633203
MouseMove,981,148,9.8642364
MouseMove,980,148,9.8652327
MouseMove,980,149,9.866270599999998
MouseMove,980,150,9.8672977
MouseMove,979,151,9.868464799999998
MouseMove,979,152,9.8697152
MouseMove,979,152,9.8706783
MouseMove,978,153,9.8716643
MouseMove,978,154,9.872411800000002
MouseMove,978,155,9.873458699999999
MouseMove,977,156,9.8743699
MouseMove,977,157,9.875445699999998
MouseMove,976,158,9.8765254
MouseMove,976,159,9.8775005
MouseMove,974,160,9.878463
MouseMove,974,162,9.879639
MouseMove,973,164,9.8808212
MouseMove,971,165,9.8822367
MouseMove,971,167,9.8831877
MouseMove,970,168,9.8840368
MouseMove,969,170,9.885126099999999
MouseMove,968,172,9.8861953
MouseMove,967,173,9.8872792
MouseMove,966,175,9.8882193
MouseMove,963,178,9.8894218
MouseMove,962,180,9.8909427
MouseMove,961,181,9.8920111
MouseMove,960,183,9.8933938
MouseMove,959,185,9.8942686
MouseMove,958,186,9.8950851
MouseMove,956,189,9.8961458
MouseMove,955,190,9.897261700000001
MouseMove,954,192,9.8981323
MouseMove,952,194,9.899103499999999
MouseMove,951,196,9.900102500000001
MouseMove,948,199,9.9011997
MouseMove,946,201,9.9021316
MouseMove,945,204,9.9032388
MouseMove,941,209,9.904381100000002
MouseMove,941,210,9.9056384
MouseMove,939,211,9.9064654
MouseMove,937,214,9.9073672
MouseMove,933,219,9.9083937
MouseMove,931,222,9.9095507
MouseMove,928,225,9.910434200000001
MouseMove,927,227,9.9116904
MouseMove,926,228,9.912714399999999
MouseMove,923,230,9.9134835
MouseMove,921,233,9.9142899
MouseMove,917,237,9.9152314
MouseMove,915,240,9.9162166
MouseMove,912,243,9.9172267
MouseMove,909,248,9.918393799999999
MouseMove,908,248,9.9195909
MouseMove,905,251,9.920538500000001
MouseMove,903,255,9.9213226
MouseMove,900,257,9.9222672
MouseMove,898,260,9.923301400000001
MouseMove,891,268,9.9243224
MouseMove,888,271,9.9253139
MouseMove,885,275,9.926327700000002
MouseMove,884,277,9.9272896
MouseMove,883,278,9.928227
MouseMove,880,281,9.929249100000002
MouseMove,874,288,9.930250599999999
MouseMove,871,291,9.931222
MouseMove,868,295,9.9322244
MouseMove,867,296,9.9332264
MouseMove,864,299,9.9342198
MouseMove,859,306,9.935412099999999
MouseMove,856,310,9.936523699999999
MouseMove,852,314,9.9372813
MouseMove,851,315,9.9382284
MouseMove,848,319,9.9392403
MouseMove,842,324,9.9402634
MouseMove,839,328,9.9413125
MouseMove,835,332,9.942349100000001
MouseMove,833,335,9.9433687
MouseMove,830,339,9.944278500000001
MouseMove,827,342,9.945230599999999
MouseMove,826,344,9.9462264
MouseMove,823,347,9.947227999999999
MouseMove,818,353,9.9482333
MouseMove,815,356,9.9492162
MouseMove,812,360,9.9502243
MouseMove,810,362,9.951219
MouseMove,807,366,9.9523193
MouseMove,802,370,9.9534178
MouseMove,799,374,9.954289900000001
MouseMove,796,377,9.9552503
MouseMove,792,382,9.9562244
MouseMove,789,385,9.9572631
MouseMove,786,389,9.9582851
MouseMove,784,391,9.959281899999999
MouseMove,783,391,9.9602609
MouseMove,781,394,9.961260699999999
MouseMove,778,397,9.962250599999999
MouseMove,774,401,9.9632289
MouseMove,772,403,9.9643085
MouseMove,769,406,9.9652619
MouseMove,767,407,9.966254300000001
MouseMove,766,409,9.9673046
MouseMove,764,411,9.968307999999999
MouseMove,762,413,9.9693246
MouseMove,760,414,9.9703516
MouseMove,759,416,9.9712497
MouseMove,757,418,9.9722247
MouseMove,756,420,9.973255499999999
MouseMove,754,421,9.974381500000002
MouseMove,751,423,9.9754287
MouseMove,750,425,9.976326700000001
MouseMove,749,426,9.9773046
MouseMove,748,428,9.978380799999998
MouseMove,746,429,9.9793243
MouseMove,745,430,9.9803876
MouseMove,744,430,9.9814004
MouseMove,743,432,9.982406000000001
MouseMove,743,432,9.983385799999999
MouseMove,742,433,9.9842649
MouseMove,741,434,9.985383
MouseMove,740,435,9.9865206
MouseMove,739,435,9.9876946
MouseMove,738,436,9.9885091
MouseMove,737,436,9.9893927
MouseMove,737,437,9.9906328
MouseMove,737,437,9.991428099999998
MouseMove,736,438,9.9923575
MouseMove,736,438,9.9933577
MouseMove,735,438,9.9942867
MouseMove,735,438,9.9952926
MouseMove,734,439,9.996342499999999
MouseMove,734,439,9.9973703
MouseMove,734,439,9.998246
MouseMove,733,439,9.999258000000001
MouseMove,733,440,10.000212300000001
MouseMove,732,440,10.001327400000001
MouseMove,732,440,10.003474899999999
MouseMove,731,441,10.0044539
MouseMove,731,441,10.007425399999999
MouseMove,731,441,10.008556200000001
MouseMove,731,441,10.0103953
MouseMove,730,441,10.0122935
MouseMove,730,441,10.0163928
MouseMove,730,442,10.021575299999999
MouseMove,729,442,10.030428899999999
MouseMove,729,442,10.0314511
MouseMove,729,442,10.1055247
MouseMove,729,441,10.1094713
MouseMove,729,441,10.112398100000002
MouseMove,729,441,10.1144235
MouseMove,729,440,10.1169266
MouseMove,729,440,10.1203082
MouseMove,729,439,10.1232788
MouseMove,729,439,10.1252633
MouseMove,729,439,10.1282646
MouseMove,729,438,10.1305916
MouseMove,729,438,10.133210199999999
MouseMove,729,438,10.1352925
MouseMove,729,437,10.136358699999999
MouseMove,729,437,10.1373357
MouseMove,729,436,10.1393553
MouseMove,729,436,10.1412531
MouseMove,728,436,10.143349499999998
MouseMove,728,435,10.1442862
MouseMove,728,435,10.1463213
MouseMove,728,434,10.148463199999998
MouseMove,727,434,10.1505866
MouseMove,727,433,10.152873
MouseMove,727,433,10.1545602
MouseMove,727,433,10.1553719
MouseMove,726,433,10.1563912
MouseMove,726,433,10.1574356
MouseMove,726,432,10.158620299999999
MouseMove,726,432,10.1605552
MouseMove,726,432,10.1617268
MouseMove,725,431,10.1629206
MouseMove,725,431,10.1639431
MouseMove,725,431,10.164658600000001
MouseMove,724,431,10.1655472
MouseMove,724,430,10.1664648
MouseMove,723,430,10.167849
MouseMove,723,430,10.1698663
MouseMove,722,429,10.171032299999998
MouseMove,722,429,10.1722599
MouseMove,721,429,10.173433600000001
MouseMove,721,428,10.174451600000001
MouseMove,721,428,10.175597000000002
MouseMove,720,428,10.1768088
MouseMove,720,428,10.1778275
MouseMove,719,427,10.178703200000001
MouseMove,719,427,10.1794061
MouseMove,718,427,10.1805397
MouseMove,718,427,10.181659
MouseMove,717,426,10.1826808
MouseMove,717,426,10.1836229
MouseMove,716,426,10.184481300000002
MouseMove,715,425,10.1855397
MouseMove,715,425,10.1867648
MouseMove,715,425,10.1878379
MouseMove,714,424,10.1886759
MouseMove,714,424,10.1894816
MouseMove,713,424,10.190516
MouseMove,712,423,10.191693200000001
MouseMove,712,423,10.193029
MouseMove,711,423,10.1943504
MouseMove,711,423,10.1953169
MouseMove,710,422,10.1961426
MouseMove,709,422,10.1969619
MouseMove,709,422,10.197956499999998
MouseMove,708,421,10.198841900000001
MouseMove,707,421,10.199595899999998
MouseMove,707,421,10.200428700000002
MouseMove,707,421,10.2014776
MouseMove,706,421,10.202706899999999
MouseMove,705,421,10.2038599
MouseMove,704,420,10.2049294
MouseMove,704,420,10.205848099999999
MouseMove,703,420,10.2066714
MouseMove,702,419,10.2076157
MouseMove,701,419,10.2088217
MouseMove,701,419,10.2100251
MouseMove,700,419,10.211148299999998
MouseMove,698,418,10.2123072
MouseMove,697,417,10.213326400000001
MouseMove,696,417,10.2145785
MouseMove,695,417,10.2157002
MouseMove,694,417,10.216681699999999
MouseMove,693,416,10.2181943
MouseMove,693,416,10.2191518
MouseMove,692,416,10.2203142
MouseMove,691,416,10.2214109
MouseMove,690,415,10.222828600000001
MouseMove,689,415,10.2239863
MouseMove,688,415,10.2253315
MouseMove,688,415,10.2263714
MouseMove,687,415,10.2274124
MouseMove,686,414,10.2282219
MouseMove,685,414,10.229588900000001
MouseMove,684,414,10.23077
MouseMove,683,414,10.231762900000001
MouseMove,682,414,10.2326992
MouseMove,681,413,10.2336253
MouseMove,680,413,10.234592399999999
MouseMove,679,413,10.235947600000001
MouseMove,678,413,10.2371416
MouseMove,678,413,10.238204000000001
MouseMove,677,413,10.239204299999999
MouseMove,676,413,10.24008
MouseMove,675,413,10.2409208
MouseMove,675,413,10.2418404
MouseMove,674,413,10.2430653
MouseMove,673,413,10.244312200000001
MouseMove,673,413,10.2456026
MouseMove,672,413,10.2465801
MouseMove,672,413,10.2474738
MouseMove,672,413,10.2482549
MouseMove,671,413,10.2493293
MouseMove,670,412,10.2503129
MouseMove,670,412,10.251107099999999
MouseMove,669,412,10.252146300000001
MouseMove,668,412,10.2530761
MouseMove,668,412,10.2543223
MouseMove,667,412,10.2553776
MouseMove,667,412,10.2566557
MouseMove,666,412,10.257720099999998
MouseMove,666,412,10.2586181
MouseMove,665,412,10.259538
MouseMove,665,412,10.2605282
MouseMove,663,412,10.261384099999999
MouseMove,663,412,10.262617999999998
MouseMove,662,412,10.263340799999998
MouseMove,662,412,10.2643472
MouseMove,661,412,10.265391
MouseMove,661,412,10.2662542
MouseMove,660,412,10.2673196
MouseMove,660,412,10.2683592
MouseMove,659,412,10.269445
MouseMove,659,412,10.270466299999999
MouseMove,659,412,10.2713412
MouseMove,658,411,10.272478199999998
MouseMove,658,411,10.2736653
MouseMove,657,411,10.274418999999998
MouseMove,657,411,10.2754322
MouseMove,656,411,10.2773853
MouseMove,656,411,10.278240499999999
MouseMove,655,411,10.2793555
MouseMove,655,411,10.2813997
MouseMove,654,411,10.283385500000001
MouseMove,654,411,10.284484899999999
MouseMove,654,411,10.2866394
MouseMove,653,411,10.288334
MouseMove,653,411,10.2891623
MouseMove,652,411,10.291215600000001
MouseMove,652,411,10.2922618
MouseMove,652,410,10.2942296
MouseMove,651,410,10.295207300000001
MouseMove,651,410,10.296215
MouseMove,650,410,10.298190199999999
MouseMove,650,410,10.300204
MouseMove,649,410,10.3022691
MouseMove,649,410,10.3053478
MouseMove,649,410,10.3073921
MouseMove,648,410,10.309211699999999
MouseMove,648,410,10.3122398
MouseMove,647,410,10.314278100000001
MouseMove,647,410,10.316327900000001
MouseMove,646,410,10.3194348
MouseMove,646,410,10.3212657
MouseMove,645,410,10.3232534
MouseMove,645,410,10.3263363
MouseMove,644,410,10.327422499999999
MouseMove,644,410,10.3293172
MouseMove,644,410,10.3312825
MouseMove,643,410,10.3332267
MouseMove,643,410,10.3352407
MouseMove,642,409,10.337265100000002
MouseMove,642,409,10.339318899999999
MouseMove,641,409,10.3414968
MouseMove,641,409,10.3453672
MouseMove,640,409,10.3483991
MouseMove,640,409,10.3545062
MouseMove,639,409,10.3615194
MouseMove,639,409,10.3775872
MouseMove,639,409,10.3819676
MouseMove,638,409,10.3876989
MouseMove,638,409,10.389668299999999
MouseMove,637,409,10.3938025
MouseMove,637,409,10.395618800000001
MouseMove,636,409,10.3975171
MouseMove,636,409,10.399345799999999
MouseMove,635,409,10.4013423
MouseMove,635,409,10.4033877
MouseMove,634,409,10.405348
MouseMove,634,409,10.406426199999999
MouseMove,634,409,10.4085236
MouseMove,633,409,10.4103654
MouseMove,633,409,10.412638099999999
MouseMove,632,409,10.4145381
MouseMove,632,409,10.41644
MouseMove,631,409,10.417569
MouseMove,631,409,10.420676499999999
MouseMove,630,409,10.4221698
MouseMove,630,409,10.4250518
MouseMove,629,409,10.425926899999999
MouseMove,629,409,10.428989399999999
MouseMove,629,409,10.4298489
MouseMove,628,409,10.431322900000001
MouseMove,628,409,10.4334464
MouseMove,627,409,10.4359058
MouseMove,627,409,10.4368036
MouseMove,626,409,10.439361799999999
MouseMove,626,409,10.4403561
MouseMove,625,409,10.4425283
MouseMove,625,409,10.443503599999998
MouseMove,624,409,10.445534599999998
MouseMove,624,409,10.447486099999999
MouseMove,624,409,10.449347200000002
MouseMove,623,409,10.452356300000002
MouseMove,623,409,10.4555761
MouseMove,623,409,10.459627
MouseMove,623,409,10.4793648
MouseMove,623,409,10.4813881
MouseMove,623,408,10.484552899999999
MouseMove,623,408,10.4855171
MouseMove,624,408,10.4867407
MouseMove,624,408,10.4877398
MouseMove,625,408,10.489457699999999
MouseMove,626,408,10.4906097
MouseMove,627,408,10.492549200000001
MouseMove,627,408,10.493382299999999
MouseMove,628,408,10.4943912
MouseMove,629,408,10.4954265
MouseMove,630,408,10.4963075
MouseMove,630,408,10.4973222
MouseMove,631,408,10.4984269
MouseMove,632,408,10.499379
MouseMove,633,408,10.5003685
MouseMove,634,408,10.5013856
MouseMove,635,408,10.5024429
MouseMove,636,408,10.5034592
MouseMove,637,408,10.504518899999999
MouseMove,638,408,10.505488699999999
MouseMove,639,408,10.506583000000001
MouseMove,640,408,10.5077307
MouseMove,642,408,10.5083897
MouseMove,644,408,10.509307600000001
MouseMove,645,408,10.5103607
MouseMove,647,408,10.5113484
MouseMove,649,409,10.512419699999999
MouseMove,649,409,10.5134172
MouseMove,651,409,10.514329400000001
MouseMove,653,409,10.5153329
MouseMove,654,409,10.516489400000001
MouseMove,656,409,10.5174638
MouseMove,659,409,10.5184813
MouseMove,662,409,10.5196657
MouseMove,663,409,10.520578599999999
MouseMove,666,409,10.521536799999998
MouseMove,668,409,10.522546099999998
MouseMove,670,409,10.5237126
MouseMove,672,409,10.524784
MouseMove,675,409,10.5256439
MouseMove,677,410,10.5265515
MouseMove,680,410,10.5276435
MouseMove,680,410,10.5287357
MouseMove,683,410,10.5295466
MouseMove,685,410,10.5304762
MouseMove,688,410,10.531415899999999
MouseMove,690,410,10.532485200000002
MouseMove,693,410,10.5334778
MouseMove,696,410,10.5344606
MouseMove,701,410,10.535546199999999
MouseMove,705,410,10.536715999999998
MouseMove,707,410,10.5376023
MouseMove,710,410,10.5386601
MouseMove,715,410,10.5395013
MouseMove,718,410,10.5406727
MouseMove,721,410,10.5417366
MouseMove,725,410,10.5427544
MouseMove,729,410,10.543766
MouseMove,732,410,10.5451756
MouseMove,737,410,10.5460458
MouseMove,740,410,10.5467421
MouseMove,744,410,10.547433300000002
MouseMove,745,410,10.548601900000001
MouseMove,749,410,10.549432
MouseMove,758,410,10.5505047
MouseMove,763,410,10.551849
MouseMove,767,410,10.553294800000002
MouseMove,774,410,10.554134800000002
MouseMove,778,410,10.5548236
MouseMove,782,410,10.555566700000002
MouseMove,787,410,10.5564964
MouseMove,791,410,10.5574315
MouseMove,797,410,10.5584581
MouseMove,800,410,10.5596421
MouseMove,805,410,10.560879
MouseMove,811,410,10.5616104
MouseMove,821,410,10.5624748
MouseMove,823,410,10.5633767
MouseMove,828,410,10.564549999999999
MouseMove,834,410,10.5654481
MouseMove,844,410,10.5666478
MouseMove,850,410,10.5676356
MouseMove,857,410,10.569196500000002
MouseMove,872,410,10.5707849
MouseMove,879,410,10.572384999999999
MouseMove,892,410,10.5736291
MouseMove,899,410,10.575108799999999
MouseMove,900,410,10.576059600000002
MouseMove,906,410,10.5772516
MouseMove,913,410,10.578031300000001
MouseMove,922,410,10.5787364
MouseMove,929,410,10.5793781
MouseMove,940,410,10.580302
MouseMove,947,410,10.581372000000002
MouseMove,950,410,10.5824174
MouseMove,963,410,10.583759900000002
MouseMove,969,410,10.5848379
MouseMove,974,410,10.5860088
MouseMove,984,410,10.586930800000001
MouseMove,992,410,10.5878302
MouseMove,995,410,10.5887949
MouseMove,1007,410,10.589623
MouseMove,1014,410,10.5906377
MouseMove,1019,410,10.5915492
MouseMove,1029,410,10.592493900000001
MouseMove,1037,410,10.5936981
MouseMove,1041,409,10.594748000000001
MouseMove,1052,409,10.5958401
MouseMove,1059,409,10.5966826
MouseMove,1063,409,10.5975387
MouseMove,1074,409,10.5984439
MouseMove,1081,409,10.5994602
MouseMove,1085,409,10.600620099999999
MouseMove,1096,408,10.6018287
MouseMove,1103,408,10.6026633
MouseMove,1107,408,10.603444199999998
MouseMove,1119,408,10.604520400000002
MouseMove,1125,408,10.6059665
MouseMove,1130,407,10.6068946
MouseMove,1141,407,10.6076582
MouseMove,1148,407,10.608461
MouseMove,1152,407,10.6094481
MouseMove,1163,407,10.6104299
MouseMove,1170,407,10.6113631
MouseMove,1174,407,10.612573
MouseMove,1185,407,10.613624600000001
MouseMove,1193,407,10.6146094
MouseMove,1197,407,10.615312900000001
MouseMove,1207,407,10.6162561
MouseMove,1215,407,10.6172605
MouseMove,1219,407,10.6184559
MouseMove,1231,406,10.6196254
MouseMove,1237,406,10.6205973
MouseMove,1241,406,10.6213874
MouseMove,1247,406,10.6222751
MouseMove,1259,406,10.6233107
MouseMove,1263,406,10.624288199999999
MouseMove,1269,406,10.6253303
MouseMove,1273,406,10.6262992
MouseMove,1286,406,10.6273409
MouseMove,1292,406,10.6283587
MouseMove,1299,406,10.6293871
MouseMove,1305,406,10.6303111
MouseMove,1309,406,10.6312128
MouseMove,1316,406,10.6322246
MouseMove,1322,406,10.633275999999999
MouseMove,1323,406,10.6343492
MouseMove,1328,406,10.6353522
MouseMove,1336,405,10.6364095
MouseMove,1341,405,10.6374535
MouseMove,1349,405,10.6383813
MouseMove,1353,405,10.6392976
MouseMove,1357,405,10.6403256
MouseMove,1360,405,10.6414042
MouseMove,1364,405,10.6424296
MouseMove,1368,405,10.6433453
MouseMove,1370,405,10.6442766
MouseMove,1373,405,10.645474
MouseMove,1382,405,10.646426700000001
MouseMove,1383,405,10.6472858
MouseMove,1387,405,10.648306100000001
MouseMove,1390,405,10.6493747
MouseMove,1393,405,10.6503153
MouseMove,1398,405,10.651306
MouseMove,1401,405,10.6523803
MouseMove,1403,405,10.653484499999998
MouseMove,1405,405,10.654436099999998
MouseMove,1407,405,10.6552508
MouseMove,1410,405,10.6562531
MouseMove,1412,405,10.6572947
MouseMove,1415,405,10.658338
MouseMove,1416,405,10.659319700000001
MouseMove,1417,405,10.6604014
MouseMove,1419,405,10.6612695
MouseMove,1421,405,10.662287999999998
MouseMove,1422,405,10.6633203
MouseMove,1425,405,10.664310799999999
MouseMove,1427,405,10.665284399999999
MouseMove,1428,405,10.6663349
MouseMove,1429,405,10.6673702
MouseMove,1430,405,10.6686955
MouseMove,1431,405,10.6697635
MouseMove,1433,405,10.670493400000002
MouseMove,1434,405,10.6713553
MouseMove,1435,405,10.6723196
MouseMove,1436,405,10.6732386
MouseMove,1437,405,10.674278600000001
MouseMove,1438,405,10.6753106
MouseMove,1439,405,10.676345199999998
MouseMove,1440,405,10.6773632
MouseMove,1441,405,10.678532100000002
MouseMove,1441,405,10.6797348
MouseMove,1442,405,10.6811657
MouseMove,1442,405,10.681861099999999
MouseMove,1443,405,10.6826576
MouseMove,1444,405,10.6835277
MouseMove,1445,405,10.685563199999999
MouseMove,1445,405,10.686630300000001
MouseMove,1446,405,10.6883985
MouseMove,1446,405,10.6895286
MouseMove,1447,405,10.690562100000001
MouseMove,1447,405,10.691607900000001
MouseMove,1448,405,10.6936902
MouseMove,1448,405,10.695678299999999
MouseMove,1448,405,10.697511500000001
MouseMove,1449,405,10.6994056
MouseMove,1449,405,10.7003697
MouseMove,1449,405,10.7576255
MouseMove,1448,405,10.759587799999998
MouseMove,1448,405,10.7624504
MouseMove,1448,405,10.7633861
MouseMove,1447,405,10.7643918
MouseMove,1447,405,10.767681599999998
MouseMove,1446,405,10.769858600000001
MouseMove,1446,405,10.7714474
MouseMove,1445,405,10.7743137
MouseMove,1445,405,10.7763841
MouseMove,1445,405,10.7786179
MouseMove,1444,405,10.7803135
MouseMove,1444,405,10.7833751
MouseMove,1443,405,10.7844744
MouseMove,1443,405,10.786490500000001
MouseMove,1442,405,10.788459600000001
MouseMove,1442,405,10.790510600000001
MouseMove,1441,405,10.791582
MouseMove,1441,405,10.793458800000002
MouseMove,1440,405,10.7945829
MouseMove,1440,405,10.7963431
MouseMove,1440,405,10.797382599999999
MouseMove,1439,405,10.798243600000001
MouseMove,1439,405,10.7992344
MouseMove,1438,405,10.8002732
MouseMove,1437,405,10.8015068
MouseMove,1437,405,10.803609999999999
MouseMove,1436,405,10.804409600000001
MouseMove,1436,405,10.805232400000001
MouseMove,1435,405,10.8062633
MouseMove,1435,405,10.8073328
MouseMove,1434,405,10.8083525
MouseMove,1434,405,10.8093023
MouseMove,1433,405,10.810323200000001
MouseMove,1433,405,10.811266499999999
MouseMove,1432,405,10.812214699999998
MouseMove,1431,405,10.8132413
MouseMove,1431,406,10.814212099999999
MouseMove,1430,406,10.815208599999998
MouseMove,1429,406,10.816191700000001
MouseMove,1429,406,10.817210699999999
MouseMove,1428,406,10.8184722
MouseMove,1427,406,10.8197402
MouseMove,1427,406,10.820487700000001
MouseMove,1426,406,10.8214363
MouseMove,1425,407,10.8224619
MouseMove,1424,407,10.8234093
MouseMove,1424,407,10.8244706
MouseMove,1424,407,10.825454699999998
MouseMove,1423,407,10.826436099999999
MouseMove,1422,408,10.827471500000001
MouseMove,1421,408,10.828359200000001
MouseMove,1421,408,10.8292871
MouseMove,1420,408,10.8302521
MouseMove,1419,408,10.831272299999998
MouseMove,1418,408,10.832555200000002
MouseMove,1418,408,10.8338645
MouseMove,1417,409,10.8346429
MouseMove,1416,409,10.835524600000001
MouseMove,1415,409,10.8366712
MouseMove,1414,409,10.8374826
MouseMove,1414,410,10.8383558
MouseMove,1413,410,10.839245
MouseMove,1412,410,10.8402171
MouseMove,1411,411,10.8412511
MouseMove,1410,411,10.8422911
MouseMove,1409,412,10.844286300000002
MouseMove,1407,413,10.8452477
MouseMove,1406,413,10.8462634
MouseMove,1406,414,10.8472465
MouseMove,1404,415,10.848290299999999
MouseMove,1403,415,10.8493461
MouseMove,1401,416,10.850355500000001
MouseMove,1401,416,10.851266599999999
MouseMove,1399,417,10.8523906
MouseMove,1398,417,10.8534755
MouseMove,1397,418,10.854426
MouseMove,1396,419,10.8552176
MouseMove,1394,420,10.85619
MouseMove,1393,421,10.8572942
MouseMove,1392,421,10.8583639
MouseMove,1391,422,10.859282599999998
MouseMove,1390,423,10.8603036
MouseMove,1388,424,10.8612746
MouseMove,1385,426,10.8625621
MouseMove,1384,427,10.863438799999999
MouseMove,1382,429,10.864478799999999
MouseMove,1380,430,10.8655526
MouseMove,1378,431,10.866528800000001
MouseMove,1376,432,10.8676292
MouseMove,1375,433,10.8685813
MouseMove,1373,435,10.869697299999999
MouseMove,1371,436,10.870778999999999
MouseMove,1369,438,10.8716788
MouseMove,1368,439,10.8725953
MouseMove,1367,440,10.873613900000002
MouseMove,1364,442,10.8746494
MouseMove,1361,444,10.875577600000002
MouseMove,1359,446,10.8765304
MouseMove,1358,448,10.8775262
MouseMove,1355,450,10.8784581
MouseMove,1350,454,10.8794649
MouseMove,1347,456,10.8805796
MouseMove,1344,459,10.881813
MouseMove,1341,461,10.8829512
MouseMove,1339,463,10.8841314
MouseMove,1336,466,10.8853925
MouseMove,1330,472,10.8867926
MouseMove,1327,475,10.887745299999999
MouseMove,1324,477,10.8890492
MouseMove,1321,480,10.8904419
MouseMove,1317,485,10.8913262
MouseMove,1315,486,10.892401399999999
MouseMove,1309,493,10.8935011
MouseMove,1308,494,10.895002100000001
MouseMove,1305,498,10.8957938
MouseMove,1299,505,10.8971644
MouseMove,1295,508,10.8980715
MouseMove,1291,513,10.8989309
MouseMove,1290,514,10.8995907
MouseMove,1286,517,10.9003695
MouseMove,1281,523,10.901287400000001
MouseMove,1277,527,10.9024638
MouseMove,1274,531,10.9036487
MouseMove,1273,533,10.904614
MouseMove,1270,535,10.906331000000002
MouseMove,1264,541,10.9073631
MouseMove,1261,545,10.908481499999999
MouseMove,1257,549,10.9094151
MouseMove,1256,550,10.910443800000001
MouseMove,1252,554,10.9113581
MouseMove,1244,563,10.9123652
MouseMove,1240,567,10.9133196
MouseMove,1237,571,10.914312500000001
MouseMove,1236,572,10.9152548
MouseMove,1233,575,10.9162894
MouseMove,1228,582,10.917314099999999
MouseMove,1224,587,10.918573400000001
MouseMove,1219,593,10.919724200000001
MouseMove,1215,597,10.920525900000001
MouseMove,1211,602,10.9213451
MouseMove,1211,603,10.922374300000001
MouseMove,1207,607,10.923370399999998
MouseMove,1202,613,10.9244076
MouseMove,1199,618,10.925326
MouseMove,1194,624,10.9262825
MouseMove,1191,629,10.9273469
MouseMove,1187,633,10.9283423
MouseMove,1186,635,10.9292714
MouseMove,1183,639,10.930217
MouseMove,1177,649,10.9312084
MouseMove,1173,654,10.932202199999999
MouseMove,1170,658,10.9332206
MouseMove,1170,659,10.9342591
MouseMove,1167,663,10.9353969
MouseMove,1162,670,10.9364981
MouseMove,1159,675,10.937353300000002
MouseMove,1156,680,10.9382651
MouseMove,1156,681,10.9392585
MouseMove,1153,685,10.9402192
MouseMove,1149,693,10.9412438
MouseMove,1146,698,10.9423102
MouseMove,1142,705,10.943292300000001
MouseMove,1141,706,10.9443095
MouseMove,1139,709,10.9453066
MouseMove,1135,716,10.9463995
MouseMove,1133,721,10.9473823
MouseMove,1129,725,10.948203099999999
MouseMove,1129,727,10.9492063
MouseMove,1127,731,10.950191400000001
MouseMove,1122,738,10.951217999999999
MouseMove,1120,742,10.952316599999998
MouseMove,1118,745,10.9534517
MouseMove,1116,748,10.9542638
MouseMove,1114,752,10.9552802
MouseMove,1112,756,10.956335700000002
MouseMove,1111,758,10.9572935
MouseMove,1109,761,10.958315500000001
MouseMove,1107,765,10.9593285
MouseMove,1106,767,10.960294300000001
MouseMove,1104,770,10.961325599999999
MouseMove,1102,774,10.962303200000001
MouseMove,1100,776,10.963312399999998
MouseMove,1096,784,10.9643989
MouseMove,1094,787,10.965482100000001
MouseMove,1092,790,10.9664307
MouseMove,1091,792,10.967404999999998
MouseMove,1089,796,10.9687204
MouseMove,1087,799,10.9698784
MouseMove,1085,801,10.9707107
MouseMove,1083,804,10.9715989
MouseMove,1083,805,10.972445700000002
MouseMove,1081,808,10.973441099999999
MouseMove,1080,811,10.9746147
MouseMove,1075,816,10.9756363
MouseMove,1075,817,10.9767712
MouseMove,1073,819,10.978504299999999
MouseMove,1068,825,10.979707900000001
MouseMove,1066,828,10.980794200000002
MouseMove,1065,829,10.9815278
MouseMove,1063,832,10.982683900000001
MouseMove,1061,834,10.983914400000002
MouseMove,1059,836,10.9848543
MouseMove,1057,838,10.9856652
MouseMove,1056,839,10.986923699999998
MouseMove,1055,841,10.988263
MouseMove,1052,844,10.989697
MouseMove,1050,846,10.990511299999998
MouseMove,1049,847,10.991406099999999
MouseMove,1048,848,10.993396599999999
MouseMove,1047,850,10.994294400000001
MouseMove,1045,851,10.9953036
MouseMove,1043,853,10.996386300000001
MouseMove,1042,854,10.997365299999998
MouseMove,1040,856,10.9982922
MouseMove,1039,857,10.9993025
MouseMove,1037,859,11.0003103
MouseMove,1036,860,11.001323000000001
MouseMove,1034,861,11.002401099999998
MouseMove,1033,863,11.003419300000001
MouseMove,1032,864,11.0042673
MouseMove,1030,865,11.0052441
MouseMove,1029,867,11.0063207
MouseMove,1028,868,11.0073088
MouseMove,1027,869,11.0084006
MouseMove,1025,871,11.0093019
MouseMove,1024,872,11.010262100000002
MouseMove,1023,873,11.0113204
MouseMove,1022,874,11.012287599999999
MouseMove,1021,875,11.0132912
MouseMove,1020,876,11.0142504
MouseMove,1019,877,11.0152586
MouseMove,1017,878,11.0162079
MouseMove,1016,879,11.017218900000001
MouseMove,1015,880,11.018390100000001
MouseMove,1014,882,11.0195627
MouseMove,1013,883,11.020432600000001
MouseMove,1012,884,11.0212999
MouseMove,1011,885,11.0222468
MouseMove,1009,886,11.023242999999999
MouseMove,1008,887,11.0243092
MouseMove,1008,888,11.0253651
MouseMove,1007,889,11.0263839
MouseMove,1006,891,11.027319400000001
MouseMove,1005,892,11.028343399999999
MouseMove,1004,893,11.0292798
MouseMove,1003,893,11.0302378
MouseMove,1002,894,11.03123
MouseMove,1001,896,11.0322137
MouseMove,1001,897,11.0332299
MouseMove,1000,897,11.0342159
MouseMove,999,898,11.0352895
MouseMove,998,899,11.0364004
MouseMove,997,900,11.037483499999999
MouseMove,997,901,11.0383274
MouseMove,996,902,11.0392501
MouseMove,996,902,11.0402384
MouseMove,995,903,11.0412872
MouseMove,994,904,11.0422889
MouseMove,994,905,11.043310799999999
MouseMove,993,905,11.0442671
MouseMove,993,906,11.0452334
MouseMove,992,908,11.046229700000001
MouseMove,992,908,11.0472095
MouseMove,991,909,11.0482297
MouseMove,991,909,11.049278
MouseMove,990,911,11.0503111
MouseMove,990,912,11.0513727
MouseMove,989,912,11.0526037
MouseMove,989,913,11.053768400000001
MouseMove,988,914,11.0548099
MouseMove,988,914,11.055610699999999
MouseMove,988,914,11.056365999999999
MouseMove,987,915,11.0573784
MouseMove,987,915,11.0584414
MouseMove,986,916,11.059501
MouseMove,986,916,11.0608612
MouseMove,986,917,11.0617948
MouseMove,986,917,11.062743399999999
MouseMove,985,918,11.0634861
MouseMove,985,918,11.064339299999999
MouseMove,984,918,11.065436
MouseMove,984,919,11.0663886
MouseMove,984,919,11.0673728
MouseMove,983,919,11.068614199999999
MouseMove,983,919,11.0697471
MouseMove,982,920,11.0710405
MouseMove,982,920,11.071872500000001
MouseMove,982,920,11.072425399999998
MouseMove,981,921,11.0732631
MouseMove,981,921,11.0743607
MouseMove,981,921,11.0753987
MouseMove,980,921,11.0763545
MouseMove,980,922,11.0772683
MouseMove,980,922,11.078283299999999
MouseMove,979,923,11.0792783
MouseMove,979,923,11.0802443
MouseMove,978,923,11.08122
MouseMove,978,924,11.082204899999999
MouseMove,977,924,11.0832045
MouseMove,977,924,11.0852379
MouseMove,976,924,11.0863981
MouseMove,976,925,11.087427499999999
MouseMove,976,925,11.088368799999998
MouseMove,976,925,11.089278000000002
MouseMove,975,926,11.090326600000001
MouseMove,975,926,11.091288700000002
MouseMove,974,926,11.0922526
MouseMove,974,927,11.093273600000002
MouseMove,973,927,11.094269899999999
MouseMove,973,928,11.0962724
MouseMove,972,928,11.0972847
MouseMove,971,929,11.0983664
MouseMove,971,929,11.0992306
MouseMove,970,929,11.1002051
MouseMove,969,930,11.102335100000001
MouseMove,969,930,11.1044246
MouseMove,968,930,11.1053513
MouseMove,968,930,11.106361099999999
MouseMove,968,931,11.1072635
MouseMove,967,931,11.108241900000001
MouseMove,967,931,11.1092655
MouseMove,967,931,11.110383
MouseMove,966,931,11.112261
MouseMove,966,932,11.1133343
MouseMove,966,932,11.1144341
MouseMove,965,932,11.1153574
MouseMove,965,932,11.1163003
MouseMove,965,932,11.117201800000002
MouseMove,964,933,11.1182925
MouseMove,964,933,11.1203887
MouseMove,964,933,11.1243139
MouseMove,963,933,11.125326
MouseMove,963,933,11.1263516
MouseMove,963,934,11.1293962
MouseMove,962,934,11.131255699999999
MouseMove,962,934,11.1323938
MouseMove,962,934,11.1384551
MouseMove,961,934,11.143433100000001
MouseMove,961,934,11.1554715
MouseMove,961,934,11.1615031
MouseMove,961,934,11.165445499999999
MouseMove,961,933,11.1687049
MouseMove,961,933,11.1707933
MouseMove,960,932,11.173599300000001
MouseMove,960,932,11.1754908
MouseMove,960,932,11.177519100000001
MouseMove,960,932,11.179409999999999
MouseMove,960,931,11.180309499999998
MouseMove,959,931,11.1813677
MouseMove,959,930,11.1833599
MouseMove,959,930,11.185455399999999
MouseMove,959,929,11.1864756
MouseMove,958,929,11.187342899999999
MouseMove,958,928,11.1895181
MouseMove,958,927,11.190759400000001
MouseMove,958,927,11.1915561
MouseMove,957,927,11.1935292
MouseMove,957,926,11.1947178
MouseMove,957,926,11.195456900000002
MouseMove,957,925,11.196419700000002
MouseMove,957,924,11.1974158
MouseMove,957,924,11.1984838
MouseMove,956,923,11.1994841
MouseMove,956,922,11.2002965
MouseMove,956,921,11.2017336
MouseMove,955,921,11.203629400000002
MouseMove,955,920,11.204403000000001
MouseMove,954,919,11.2054747
MouseMove,954,918,11.2074687
MouseMove,954,917,11.208457800000001
MouseMove,953,917,11.209435
MouseMove,953,916,11.2104867
MouseMove,952,915,11.2113315
MouseMove,952,914,11.212302800000002
MouseMove,952,913,11.2133854
MouseMove,951,912,11.2144235
MouseMove,951,911,11.2157151
MouseMove,950,910,11.216639800000001
MouseMove,950,910,11.2173541
MouseMove,949,909,11.2185794
MouseMove,949,907,11.2196084
MouseMove,948,906,11.220540299999998
MouseMove,947,905,11.2212622
MouseMove,947,904,11.2223107
MouseMove,946,903,11.2233681
MouseMove,946,902,11.2243549
MouseMove,945,901,11.2253142
MouseMove,944,899,11.2262467
MouseMove,944,898,11.227281
MouseMove,942,897,11.228244799999999
MouseMove,942,895,11.2292336
MouseMove,941,893,11.230250799999999
MouseMove,940,891,11.2312703
MouseMove,939,890,11.232289199999999
MouseMove,938,889,11.2332683
MouseMove,937,887,11.2342004
MouseMove,936,885,11.235297
MouseMove,935,884,11.2364358
MouseMove,935,882,11.2374524
MouseMove,934,880,11.238316200000002
MouseMove,932,879,11.2392044
MouseMove,932,877,11.2402404
MouseMove,930,875,11.241272299999999
MouseMove,929,873,11.242258399999999
MouseMove,928,871,11.2432731
MouseMove,927,869,11.2443097
MouseMove,926,867,11.2452917
MouseMove,924,865,11.246304
MouseMove,923,863,11.247218
MouseMove,922,861,11.248225000000001
MouseMove,921,858,11.2492222
MouseMove,919,857,11.2502006
MouseMove,916,851,11.2512156
MouseMove,914,848,11.2523852
MouseMove,914,847,11.2535109
MouseMove,912,844,11.254328600000001
MouseMove,910,841,11.255236400000001
MouseMove,908,836,11.2562543
MouseMove,906,833,11.2573019
MouseMove,904,830,11.258293100000001
MouseMove,903,826,11.259328100000001
MouseMove,902,825,11.2604078
MouseMove,901,823,11.261555099999999
MouseMove,898,819,11.2625822
MouseMove,895,813,11.263552399999998
MouseMove,894,809,11.2645933
MouseMove,891,806,11.2655935
MouseMove,889,802,11.2665473
MouseMove,889,801,11.2673956
MouseMove,887,798,11.268698800000001
MouseMove,883,790,11.269701399999999
MouseMove,882,789,11.270571299999999
MouseMove,880,785,11.271870900000001
MouseMove,878,780,11.2726339
MouseMove,876,777,11.273553199999998
MouseMove,875,774,11.274686399999998
MouseMove,870,765,11.2760052
MouseMove,867,760,11.2769305
MouseMove,865,755,11.2779296
MouseMove,864,753,11.278685099999999
MouseMove,862,749,11.279895999999999
MouseMove,859,742,11.2813414
MouseMove,856,738,11.282521199999998
MouseMove,852,728,11.283399000000001
MouseMove,850,725,11.284388799999999
MouseMove,848,721,11.2854206
MouseMove,846,717,11.2867397
MouseMove,844,713,11.287716300000001
MouseMove,841,707,11.2885123
MouseMove,839,702,11.2892868
MouseMove,837,697,11.2903611
MouseMove,836,695,11.2915693
MouseMove,833,690,11.2926087
MouseMove,831,683,11.293501800000001
MouseMove,828,679,11.294395
MouseMove,827,674,11.2954324
MouseMove,826,671,11.2965072
MouseMove,824,667,11.2974621
MouseMove,821,660,11.2983637
MouseMove,818,655,11.2994358
MouseMove,817,652,11.3004214
MouseMove,815,649,11.301412899999999
MouseMove,813,644,11.3024283
MouseMove,811,637,11.303501500000001
MouseMove,808,633,11.3043889
MouseMove,807,629,11.305255899999999
MouseMove,805,626,11.3062415
MouseMove,804,623,11.3073028
MouseMove,802,619,11.3083462
MouseMove,801,617,11.309338799999999
MouseMove,800,614,11.3102956
MouseMove,798,610,11.3112165
MouseMove,796,607,11.3122431
MouseMove,795,604,11.3132737
MouseMove,793,600,11.3142543
MouseMove,792,598,11.315213700000001
MouseMove,791,594,11.3162682
MouseMove,789,592,11.3173259
MouseMove,788,588,11.318311
MouseMove,786,585,11.319526
MouseMove,782,577,11.3206556
MouseMove,781,575,11.3215249
MouseMove,779,571,11.322322699999999
MouseMove,777,568,11.323330300000002
MouseMove,776,567,11.325152800000001
MouseMove,775,565,11.325766600000001
MouseMove,773,562,11.3263562
MouseMove,770,557,11.327404999999999
MouseMove,769,555,11.328398
MouseMove,767,553,11.3294924
MouseMove,762,546,11.3305307
MouseMove,761,545,11.3314153
MouseMove,759,542,11.332355699999999
MouseMove,757,539,11.3332915
MouseMove,754,534,11.3342511
MouseMove,752,532,11.335347
MouseMove,750,529,11.336465699999998
MouseMove,748,527,11.337410799999999
MouseMove,748,526,11.338297299999999
MouseMove,746,523,11.339375700000002
MouseMove,744,521,11.3403681
MouseMove,741,517,11.341389500000002
MouseMove,739,514,11.3423934
MouseMove,737,512,11.343326200000002
MouseMove,735,510,11.3443131
MouseMove,734,508,11.3453022
MouseMove,733,508,11.3463105
MouseMove,732,506,11.3473347
MouseMove,730,505,11.3482933
MouseMove,729,503,11.349365699999998
MouseMove,728,501,11.3503713
MouseMove,727,500,11.3513377
MouseMove,726,499,11.352424800000001
MouseMove,725,498,11.353508699999999
MouseMove,723,497,11.3543234
MouseMove,722,495,11.3552951
MouseMove,720,493,11.356283600000001
MouseMove,719,493,11.3573133
MouseMove,718,492,11.3583105
MouseMove,718,490,11.3593352
MouseMove,716,489,11.3603601
MouseMove,715,488,11.361332299999999
MouseMove,715,488,11.3623176
MouseMove,714,487,11.363352299999999
MouseMove,713,486,11.364253799999998
MouseMove,713,486,11.3652437
MouseMove,712,485,11.3662912
MouseMove,712,484,11.3673105
MouseMove,711,484,11.3684796
MouseMove,710,483,11.369557499999999
MouseMove,710,482,11.3704251
MouseMove,709,482,11.3713721
MouseMove,709,481,11.3723068
MouseMove,709,481,11.373284400000001
MouseMove,708,481,11.374272300000001
MouseMove,708,480,11.375321999999999
MouseMove,707,479,11.3763265
MouseMove,707,479,11.3772827
MouseMove,707,478,11.3782581
MouseMove,706,478,11.379258299999998
MouseMove,706,477,11.3803286
MouseMove,705,477,11.3824847
MouseMove,705,476,11.3832946
MouseMove,705,476,11.384353599999999
MouseMove,704,475,11.3853777
MouseMove,704,475,11.3865144
MouseMove,703,475,11.3876805
MouseMove,703,474,11.3896185
MouseMove,703,474,11.3906763
MouseMove,703,474,11.3916106
MouseMove,702,473,11.3926262
MouseMove,702,473,11.3935256
MouseMove,702,472,11.3946906
MouseMove,702,472,11.3965192
MouseMove,702,472,11.397414099999999
MouseMove,702,471,11.398352000000001
MouseMove,701,471,11.3993263
MouseMove,701,470,11.400302199999999
MouseMove,701,470,11.401264200000002
MouseMove,701,469,11.4023883
MouseMove,700,469,11.4043622
MouseMove,700,468,11.4052755
MouseMove,700,468,11.4063011
MouseMove,700,468,11.4073645
MouseMove,699,467,11.409339099999999
MouseMove,699,467,11.410253900000003
MouseMove,699,466,11.411255
MouseMove,699,466,11.412240100000002
MouseMove,699,465,11.4142202
MouseMove,698,465,11.4151677
MouseMove,698,465,11.4161915
MouseMove,698,464,11.4172074
MouseMove,698,464,11.418471199999999
MouseMove,698,463,11.4206419
MouseMove,698,463,11.421282600000001
MouseMove,697,463,11.4232957
MouseMove,697,462,11.4242409
MouseMove,697,462,11.4262787
MouseMove,697,461,11.4283787
MouseMove,697,461,11.4305859
MouseMove,697,460,11.432497600000001
MouseMove,697,460,11.434308
MouseMove,697,460,11.435589199999999
MouseMove,697,459,11.4376663
MouseMove,697,459,11.4404086
MouseMove,696,458,11.4474181
MouseMove,696,458,11.450405400000001
MouseMove,696,458,11.4615197
MouseMove,696,458,11.4674758
MouseMove,696,457,11.4774449
MouseMove,696,457,11.478398
MouseMove,696,456,11.4855471
MouseMove,696,456,11.488542899999999
MouseMove,696,455,11.4954112
MouseMove,695,455,11.4983144
MouseMove,695,455,11.5014491
MouseMove,695,454,11.5037391
MouseMove,695,454,11.505657600000001
MouseMove,695,454,11.5086058
MouseMove,695,453,11.509525900000002
MouseMove,695,453,11.512342
MouseMove,695,453,11.514360499999999
MouseMove,694,453,11.5162161
MouseMove,694,452,11.5172493
MouseMove,694,452,11.5195564
MouseMove,694,452,11.520623200000001
MouseMove,694,451,11.5216905
MouseMove,694,451,11.52341
MouseMove,693,450,11.524354200000001
MouseMove,693,450,11.526338399999998
MouseMove,693,449,11.52821
MouseMove,693,449,11.529262400000002
MouseMove,693,448,11.531229100000001
MouseMove,692,448,11.533209300000001
MouseMove,692,448,11.5342234
MouseMove,692,447,11.535282399999998
MouseMove,692,447,11.536408
MouseMove,692,447,11.53742
MouseMove,692,446,11.5382889
MouseMove,692,446,11.539176900000001
MouseMove,692,446,11.540269099999998
MouseMove,692,445,11.5412729
MouseMove,691,445,11.5423731
MouseMove,691,444,11.5435485
MouseMove,691,444,11.5444756
MouseMove,691,443,11.546238900000002
MouseMove,691,443,11.5472549
MouseMove,691,443,11.5482214
MouseMove,691,442,11.549193200000001
MouseMove,690,442,11.550233200000001
MouseMove,690,442,11.5512628
MouseMove,690,441,11.5523371
MouseMove,690,441,11.5543021
MouseMove,690,440,11.5552245
MouseMove,690,440,11.5572786
MouseMove,689,439,11.559383899999998
MouseMove,689,439,11.560505800000001
MouseMove,689,439,11.5624525
MouseMove,689,438,11.563236
MouseMove,689,438,11.564269300000001
MouseMove,689,438,11.5652112
MouseMove,689,437,11.5673601
MouseMove,688,437,11.5696034
MouseMove,688,437,11.570424899999999
MouseMove,688,436,11.5713887
MouseMove,688,436,11.5722727
MouseMove,688,435,11.575351699999999
MouseMove,688,435,11.5772257
MouseMove,688,434,11.5791941
MouseMove,688,434,11.5812259
MouseMove,687,434,11.5832886
MouseMove,687,433,11.5845185
MouseMove,687,433,11.588776099999999
MouseMove,687,433,11.5914024
done